1	1288
2	1057
3	809
4	635
5	623
6	468
7	410
8	335
9	304
10	289
11	280
12	253
13	249
14	245
15	229
16	222
17	221
18	218
19	201
20	176
21	170
22	160
23	158
24	156
25	151
26	141
27	140
28	135
29	133
30	120
31	116
32	107
33	102
34	97
35	95
36	93
37	92
38	91
39	90
40	83
41	81
42	78
43	77
44	77
45	74
46	71
47	69
48	69
49	68
50	68
51	67
52	67
53	66
54	64
55	64
56	63
57	62
58	62
59	56
60	55
61	53
62	53
63	51
64	51
65	48
66	47
67	47
68	47
69	46
70	46
71	46
72	46
73	45
74	44
75	44
76	44
77	43
78	43
79	43
80	43
81	42
82	42
83	42
84	42
85	41
86	41
87	40
88	40
89	40
90	39
91	39
92	39
93	38
94	37
95	37
96	36
97	36
98	36
99	36
100	35
101	35
102	35
103	35
104	35
105	35
106	35
107	34
108	34
109	34
110	34
111	33
112	33
113	33
114	32
115	32
116	31
117	31
118	31
119	31
120	30
121	30
122	30
123	30
124	29
125	29
126	29
127	29
128	29
129	28
130	28
131	28
132	28
133	28
134	28
135	28
136	28
137	28
138	28
139	27
140	27
141	27
142	27
143	27
144	27
145	26
146	26
147	26
148	26
149	26
150	25
151	25
152	25
153	25
154	24
155	24
156	24
157	24
158	23
159	23
160	23
161	23
162	23
163	23
164	23
165	23
166	23
167	23
168	23
169	23
170	23
171	23
172	23
173	23
174	22
175	22
176	22
177	22
178	22
179	22
180	22
181	21
182	21
183	21
184	21
185	21
186	20
187	20
188	20
189	20
190	20
191	20
192	20
193	20
194	20
195	20
196	20
197	20
198	20
199	20
200	20
201	19
202	19
203	19
204	19
205	19
206	19
207	19
208	19
209	18
210	18
211	18
212	18
213	18
214	18
215	18
216	18
217	18
218	18
219	18
220	17
221	17
222	17
223	17
224	17
225	17
226	17
227	17
228	17
229	17
230	17
231	17
232	17
233	17
234	17
235	17
236	17
237	16
238	16
239	16
240	16
241	16
242	16
243	16
244	16
245	16
246	16
247	16
248	16
249	16
250	15
251	15
252	15
253	15
254	15
255	15
256	15
257	15
258	15
259	15
260	15
261	15
262	15
263	15
264	15
265	15
266	15
267	15
268	15
269	15
270	15
271	14
272	14
273	14
274	14
275	14
276	14
277	14
278	14
279	14
280	14
281	14
282	14
283	14
284	14
285	14
286	14
287	14
288	13
289	13
290	13
291	13
292	13
293	13
294	13
295	13
296	13
297	13
298	13
299	13
300	13
301	13
302	13
303	13
304	13
305	13
306	13
307	13
308	13
309	13
310	13
311	13
312	13
313	13
314	13
315	13
316	13
317	13
318	13
319	12
320	12
321	12
322	12
323	12
324	12
325	12
326	12
327	12
328	12
329	12
330	12
331	12
332	12
333	12
334	12
335	12
336	12
337	12
338	12
339	12
340	12
341	12
342	12
343	12
344	12
345	12
346	11
347	11
348	11
349	11
350	11
351	11
352	11
353	11
354	11
355	11
356	11
357	11
358	11
359	11
360	11
361	11
362	11
363	11
364	11
365	11
366	11
367	11
368	11
369	11
370	11
371	11
372	11
373	11
374	11
375	10
376	10
377	10
378	10
379	10
380	10
381	10
382	10
383	10
384	10
385	10
386	10
387	10
388	10
389	10
390	10
391	10
392	10
393	10
394	10
395	10
396	10
397	10
398	10
399	10
400	10
401	10
402	10
403	10
404	10
405	10
406	10
407	10
408	10
409	10
410	10
411	10
412	10
413	10
414	10
415	10
416	10
417	10
418	9
419	9
420	9
421	9
422	9
423	9
424	9
425	9
426	9
427	9
428	9
429	9
430	9
431	9
432	9
433	9
434	9
435	9
436	9
437	9
438	9
439	9
440	9
441	9
442	9
443	9
444	9
445	9
446	9
447	9
448	9
449	9
450	9
451	9
452	9
453	9
454	9
455	9
456	9
457	9
458	9
459	9
460	8
461	8
462	8
463	8
464	8
465	8
466	8
467	8
468	8
469	8
470	8
471	8
472	8
473	8
474	8
475	8
476	8
477	8
478	8
479	8
480	8
481	8
482	8
483	8
484	8
485	8
486	8
487	8
488	8
489	8
490	8
491	8
492	8
493	8
494	8
495	8
496	8
497	8
498	8
499	8
500	8
501	8
502	8
503	8
504	8
505	8
506	8
507	8
508	8
509	8
510	8
511	8
512	8
513	8
514	8
515	8
516	8
517	8
518	8
519	8
520	8
521	8
522	8
523	8
524	8
525	8
526	8
527	7
528	7
529	7
530	7
531	7
532	7
533	7
534	7
535	7
536	7
537	7
538	7
539	7
540	7
541	7
542	7
543	7
544	7
545	7
546	7
547	7
548	7
549	7
550	7
551	7
552	7
553	7
554	7
555	7
556	7
557	7
558	7
559	7
560	7
561	7
562	7
563	7
564	7
565	7
566	7
567	7
568	7
569	7
570	7
571	7
572	7
573	7
574	7
575	7
576	7
577	7
578	7
579	7
580	7
581	7
582	7
583	7
584	7
585	7
586	7
587	7
588	7
589	7
590	7
591	7
592	7
593	7
594	7
595	7
596	7
597	7
598	7
599	7
600	7
601	7
602	7
603	7
604	7
605	7
606	7
607	7
608	6
609	6
610	6
611	6
612	6
613	6
614	6
615	6
616	6
617	6
618	6
619	6
620	6
621	6
622	6
623	6
624	6
625	6
626	6
627	6
628	6
629	6
630	6
631	6
632	6
633	6
634	6
635	6
636	6
637	6
638	6
639	6
640	6
641	6
642	6
643	6
644	6
645	6
646	6
647	6
648	6
649	6
650	6
651	6
652	6
653	6
654	6
655	6
656	6
657	6
658	6
659	6
660	6
661	6
662	6
663	6
664	6
665	6
666	6
667	6
668	6
669	6
670	6
671	6
672	6
673	6
674	6
675	6
676	6
677	6
678	6
679	6
680	6
681	6
682	6
683	6
684	6
685	6
686	6
687	6
688	6
689	6
690	6
691	6
692	6
693	6
694	6
695	6
696	6
697	6
698	6
699	6
700	6
701	6
702	6
703	6
704	6
705	6
706	6
707	6
708	6
709	6
710	6
711	6
712	6
713	6
714	6
715	6
716	6
717	6
718	6
719	6
720	6
721	6
722	6
723	6
724	6
725	6
726	6
727	6
728	6
729	6
730	6
731	6
732	6
733	6
734	6
735	6
736	6
737	6
738	6
739	5
740	5
741	5
742	5
743	5
744	5
745	5
746	5
747	5
748	5
749	5
750	5
751	5
752	5
753	5
754	5
755	5
756	5
757	5
758	5
759	5
760	5
761	5
762	5
763	5
764	5
765	5
766	5
767	5
768	5
769	5
770	5
771	5
772	5
773	5
774	5
775	5
776	5
777	5
778	5
779	5
780	5
781	5
782	5
783	5
784	5
785	5
786	5
787	5
788	5
789	5
790	5
791	5
792	5
793	5
794	5
795	5
796	5
797	5
798	5
799	5
800	5
801	5
802	5
803	5
804	5
805	5
806	5
807	5
808	5
809	5
810	5
811	5
812	5
813	5
814	5
815	5
816	5
817	5
818	5
819	5
820	5
821	5
822	5
823	5
824	5
825	5
826	5
827	5
828	5
829	5
830	5
831	5
832	5
833	5
834	5
835	5
836	5
837	5
838	5
839	5
840	5
841	5
842	5
843	5
844	5
845	5
846	5
847	5
848	5
849	5
850	5
851	5
852	5
853	5
854	5
855	5
856	5
857	5
858	5
859	5
860	5
861	5
862	5
863	5
864	5
865	5
866	5
867	5
868	5
869	5
870	5
871	5
872	5
873	5
874	5
875	5
876	5
877	5
878	5
879	5
880	5
881	5
882	5
883	5
884	5
885	5
886	5
887	5
888	5
889	5
890	5
891	5
892	5
893	5
894	5
895	5
896	5
897	5
898	5
899	5
900	5
901	5
902	5
903	5
904	5
905	4
906	4
907	4
908	4
909	4
910	4
911	4
912	4
913	4
914	4
915	4
916	4
917	4
918	4
919	4
920	4
921	4
922	4
923	4
924	4
925	4
926	4
927	4
928	4
929	4
930	4
931	4
932	4
933	4
934	4
935	4
936	4
937	4
938	4
939	4
940	4
941	4
942	4
943	4
944	4
945	4
946	4
947	4
948	4
949	4
950	4
951	4
952	4
953	4
954	4
955	4
956	4
957	4
958	4
959	4
960	4
961	4
962	4
963	4
964	4
965	4
966	4
967	4
968	4
969	4
970	4
971	4
972	4
973	4
974	4
975	4
976	4
977	4
978	4
979	4
980	4
981	4
982	4
983	4
984	4
985	4
986	4
987	4
988	4
989	4
990	4
991	4
992	4
993	4
994	4
995	4
996	4
997	4
998	4
999	4
1000	4
1001	4
1002	4
1003	4
1004	4
1005	4
1006	4
1007	4
1008	4
1009	4
1010	4
1011	4
1012	4
1013	4
1014	4
1015	4
1016	4
1017	4
1018	4
1019	4
1020	4
1021	4
1022	4
1023	4
1024	4
1025	4
1026	4
1027	4
1028	4
1029	4
1030	4
1031	4
1032	4
1033	4
1034	4
1035	4
1036	4
1037	4
1038	4
1039	4
1040	4
1041	4
1042	4
1043	4
1044	4
1045	4
1046	4
1047	4
1048	4
1049	4
1050	4
1051	4
1052	4
1053	4
1054	4
1055	4
1056	4
1057	4
1058	4
1059	4
1060	4
1061	4
1062	4
1063	4
1064	4
1065	4
1066	4
1067	4
1068	4
1069	4
1070	4
1071	4
1072	4
1073	4
1074	4
1075	4
1076	4
1077	4
1078	4
1079	4
1080	4
1081	4
1082	4
1083	4
1084	4
1085	4
1086	4
1087	4
1088	4
1089	4
1090	4
1091	4
1092	4
1093	4
1094	4
1095	4
1096	4
1097	4
1098	4
1099	4
1100	4
1101	4
1102	4
1103	4
1104	4
1105	4
1106	4
1107	4
1108	4
1109	4
1110	4
1111	4
1112	4
1113	4
1114	4
1115	4
1116	4
1117	4
1118	4
1119	4
1120	4
1121	4
1122	4
1123	4
1124	4
1125	4
1126	4
1127	4
1128	4
1129	4
1130	4
1131	4
1132	4
1133	4
1134	3
1135	3
1136	3
1137	3
1138	3
1139	3
1140	3
1141	3
1142	3
1143	3
1144	3
1145	3
1146	3
1147	3
1148	3
1149	3
1150	3
1151	3
1152	3
1153	3
1154	3
1155	3
1156	3
1157	3
1158	3
1159	3
1160	3
1161	3
1162	3
1163	3
1164	3
1165	3
1166	3
1167	3
1168	3
1169	3
1170	3
1171	3
1172	3
1173	3
1174	3
1175	3
1176	3
1177	3
1178	3
1179	3
1180	3
1181	3
1182	3
1183	3
1184	3
1185	3
1186	3
1187	3
1188	3
1189	3
1190	3
1191	3
1192	3
1193	3
1194	3
1195	3
1196	3
1197	3
1198	3
1199	3
1200	3
1201	3
1202	3
1203	3
1204	3
1205	3
1206	3
1207	3
1208	3
1209	3
1210	3
1211	3
1212	3
1213	3
1214	3
1215	3
1216	3
1217	3
1218	3
1219	3
1220	3
1221	3
1222	3
1223	3
1224	3
1225	3
1226	3
1227	3
1228	3
1229	3
1230	3
1231	3
1232	3
1233	3
1234	3
1235	3
1236	3
1237	3
1238	3
1239	3
1240	3
1241	3
1242	3
1243	3
1244	3
1245	3
1246	3
1247	3
1248	3
1249	3
1250	3
1251	3
1252	3
1253	3
1254	3
1255	3
1256	3
1257	3
1258	3
1259	3
1260	3
1261	3
1262	3
1263	3
1264	3
1265	3
1266	3
1267	3
1268	3
1269	3
1270	3
1271	3
1272	3
1273	3
1274	3
1275	3
1276	3
1277	3
1278	3
1279	3
1280	3
1281	3
1282	3
1283	3
1284	3
1285	3
1286	3
1287	3
1288	3
1289	3
1290	3
1291	3
1292	3
1293	3
1294	3
1295	3
1296	3
1297	3
1298	3
1299	3
1300	3
1301	3
1302	3
1303	3
1304	3
1305	3
1306	3
1307	3
1308	3
1309	3
1310	3
1311	3
1312	3
1313	3
1314	3
1315	3
1316	3
1317	3
1318	3
1319	3
1320	3
1321	3
1322	3
1323	3
1324	3
1325	3
1326	3
1327	3
1328	3
1329	3
1330	3
1331	3
1332	3
1333	3
1334	3
1335	3
1336	3
1337	3
1338	3
1339	3
1340	3
1341	3
1342	3
1343	3
1344	3
1345	3
1346	3
1347	3
1348	3
1349	3
1350	3
1351	3
1352	3
1353	3
1354	3
1355	3
1356	3
1357	3
1358	3
1359	3
1360	3
1361	3
1362	3
1363	3
1364	3
1365	3
1366	3
1367	3
1368	3
1369	3
1370	3
1371	3
1372	3
1373	3
1374	3
1375	3
1376	3
1377	3
1378	3
1379	3
1380	3
1381	3
1382	3
1383	3
1384	3
1385	3
1386	3
1387	3
1388	3
1389	3
1390	3
1391	3
1392	3
1393	3
1394	3
1395	3
1396	3
1397	3
1398	3
1399	3
1400	3
1401	3
1402	3
1403	3
1404	3
1405	3
1406	3
1407	3
1408	3
1409	3
1410	3
1411	3
1412	3
1413	3
1414	3
1415	3
1416	3
1417	3
1418	3
1419	3
1420	3
1421	3
1422	3
1423	3
1424	3
1425	3
1426	3
1427	3
1428	3
1429	3
1430	3
1431	3
1432	3
1433	3
1434	3
1435	3
1436	3
1437	3
1438	3
1439	3
1440	3
1441	3
1442	3
1443	3
1444	3
1445	3
1446	3
1447	3
1448	3
1449	3
1450	3
1451	3
1452	3
1453	3
1454	3
1455	3
1456	3
1457	3
1458	3
1459	3
1460	3
1461	3
1462	3
1463	3
1464	3
1465	3
1466	3
1467	3
1468	3
1469	3
1470	3
1471	3
1472	3
1473	3
1474	3
1475	3
1476	3
1477	3
1478	3
1479	3
1480	3
1481	3
1482	3
1483	3
1484	3
1485	3
1486	3
1487	3
1488	3
1489	3
1490	3
1491	3
1492	3
1493	3
1494	3
1495	3
1496	3
1497	3
1498	3
1499	3
1500	3
1501	3
1502	3
1503	3
1504	3
1505	3
1506	3
1507	3
1508	3
1509	3
1510	3
1511	3
1512	3
1513	3
1514	3
1515	3
1516	3
1517	3
1518	3
1519	3
1520	3
1521	3
1522	3
1523	3
1524	3
1525	3
1526	3
1527	3
1528	3
1529	3
1530	3
1531	3
1532	3
1533	3
1534	3
1535	3
1536	3
1537	3
1538	3
1539	3
1540	3
1541	3
1542	3
1543	3
1544	3
1545	3
1546	3
1547	3
1548	3
1549	3
1550	3
1551	3
1552	3
1553	3
1554	3
1555	3
1556	3
1557	3
1558	3
1559	3
1560	3
1561	3
1562	3
1563	3
1564	3
1565	3
1566	3
1567	3
1568	3
1569	3
1570	2
1571	2
1572	2
1573	2
1574	2
1575	2
1576	2
1577	2
1578	2
1579	2
1580	2
1581	2
1582	2
1583	2
1584	2
1585	2
1586	2
1587	2
1588	2
1589	2
1590	2
1591	2
1592	2
1593	2
1594	2
1595	2
1596	2
1597	2
1598	2
1599	2
1600	2
1601	2
1602	2
1603	2
1604	2
1605	2
1606	2
1607	2
1608	2
1609	2
1610	2
1611	2
1612	2
1613	2
1614	2
1615	2
1616	2
1617	2
1618	2
1619	2
1620	2
1621	2
1622	2
1623	2
1624	2
1625	2
1626	2
1627	2
1628	2
1629	2
1630	2
1631	2
1632	2
1633	2
1634	2
1635	2
1636	2
1637	2
1638	2
1639	2
1640	2
1641	2
1642	2
1643	2
1644	2
1645	2
1646	2
1647	2
1648	2
1649	2
1650	2
1651	2
1652	2
1653	2
1654	2
1655	2
1656	2
1657	2
1658	2
1659	2
1660	2
1661	2
1662	2
1663	2
1664	2
1665	2
1666	2
1667	2
1668	2
1669	2
1670	2
1671	2
1672	2
1673	2
1674	2
1675	2
1676	2
1677	2
1678	2
1679	2
1680	2
1681	2
1682	2
1683	2
1684	2
1685	2
1686	2
1687	2
1688	2
1689	2
1690	2
1691	2
1692	2
1693	2
1694	2
1695	2
1696	2
1697	2
1698	2
1699	2
1700	2
1701	2
1702	2
1703	2
1704	2
1705	2
1706	2
1707	2
1708	2
1709	2
1710	2
1711	2
1712	2
1713	2
1714	2
1715	2
1716	2
1717	2
1718	2
1719	2
1720	2
1721	2
1722	2
1723	2
1724	2
1725	2
1726	2
1727	2
1728	2
1729	2
1730	2
1731	2
1732	2
1733	2
1734	2
1735	2
1736	2
1737	2
1738	2
1739	2
1740	2
1741	2
1742	2
1743	2
1744	2
1745	2
1746	2
1747	2
1748	2
1749	2
1750	2
1751	2
1752	2
1753	2
1754	2
1755	2
1756	2
1757	2
1758	2
1759	2
1760	2
1761	2
1762	2
1763	2
1764	2
1765	2
1766	2
1767	2
1768	2
1769	2
1770	2
1771	2
1772	2
1773	2
1774	2
1775	2
1776	2
1777	2
1778	2
1779	2
1780	2
1781	2
1782	2
1783	2
1784	2
1785	2
1786	2
1787	2
1788	2
1789	2
1790	2
1791	2
1792	2
1793	2
1794	2
1795	2
1796	2
1797	2
1798	2
1799	2
1800	2
1801	2
1802	2
1803	2
1804	2
1805	2
1806	2
1807	2
1808	2
1809	2
1810	2
1811	2
1812	2
1813	2
1814	2
1815	2
1816	2
1817	2
1818	2
1819	2
1820	2
1821	2
1822	2
1823	2
1824	2
1825	2
1826	2
1827	2
1828	2
1829	2
1830	2
1831	2
1832	2
1833	2
1834	2
1835	2
1836	2
1837	2
1838	2
1839	2
1840	2
1841	2
1842	2
1843	2
1844	2
1845	2
1846	2
1847	2
1848	2
1849	2
1850	2
1851	2
1852	2
1853	2
1854	2
1855	2
1856	2
1857	2
1858	2
1859	2
1860	2
1861	2
1862	2
1863	2
1864	2
1865	2
1866	2
1867	2
1868	2
1869	2
1870	2
1871	2
1872	2
1873	2
1874	2
1875	2
1876	2
1877	2
1878	2
1879	2
1880	2
1881	2
1882	2
1883	2
1884	2
1885	2
1886	2
1887	2
1888	2
1889	2
1890	2
1891	2
1892	2
1893	2
1894	2
1895	2
1896	2
1897	2
1898	2
1899	2
1900	2
1901	2
1902	2
1903	2
1904	2
1905	2
1906	2
1907	2
1908	2
1909	2
1910	2
1911	2
1912	2
1913	2
1914	2
1915	2
1916	2
1917	2
1918	2
1919	2
1920	2
1921	2
1922	2
1923	2
1924	2
1925	2
1926	2
1927	2
1928	2
1929	2
1930	2
1931	2
1932	2
1933	2
1934	2
1935	2
1936	2
1937	2
1938	2
1939	2
1940	2
1941	2
1942	2
1943	2
1944	2
1945	2
1946	2
1947	2
1948	2
1949	2
1950	2
1951	2
1952	2
1953	2
1954	2
1955	2
1956	2
1957	2
1958	2
1959	2
1960	2
1961	2
1962	2
1963	2
1964	2
1965	2
1966	2
1967	2
1968	2
1969	2
1970	2
1971	2
1972	2
1973	2
1974	2
1975	2
1976	2
1977	2
1978	2
1979	2
1980	2
1981	2
1982	2
1983	2
1984	2
1985	2
1986	2
1987	2
1988	2
1989	2
1990	2
1991	2
1992	2
1993	2
1994	2
1995	2
1996	2
1997	2
1998	2
1999	2
2000	2
2001	2
2002	2
2003	2
2004	2
2005	2
2006	2
2007	2
2008	2
2009	2
2010	2
2011	2
2012	2
2013	2
2014	2
2015	2
2016	2
2017	2
2018	2
2019	2
2020	2
2021	2
2022	2
2023	2
2024	2
2025	2
2026	2
2027	2
2028	2
2029	2
2030	2
2031	2
2032	2
2033	2
2034	2
2035	2
2036	2
2037	2
2038	2
2039	2
2040	2
2041	2
2042	2
2043	2
2044	2
2045	2
2046	2
2047	2
2048	2
2049	2
2050	2
2051	2
2052	2
2053	2
2054	2
2055	2
2056	2
2057	2
2058	2
2059	2
2060	2
2061	2
2062	2
2063	2
2064	2
2065	2
2066	2
2067	2
2068	2
2069	2
2070	2
2071	2
2072	2
2073	2
2074	2
2075	2
2076	2
2077	2
2078	2
2079	2
2080	2
2081	2
2082	2
2083	2
2084	2
2085	2
2086	2
2087	2
2088	2
2089	2
2090	2
2091	2
2092	2
2093	2
2094	2
2095	2
2096	2
2097	2
2098	2
2099	2
2100	2
2101	2
2102	2
2103	2
2104	2
2105	2
2106	2
2107	2
2108	2
2109	2
2110	2
2111	2
2112	2
2113	2
2114	2
2115	2
2116	2
2117	2
2118	2
2119	2
2120	2
2121	2
2122	2
2123	2
2124	2
2125	2
2126	2
2127	2
2128	2
2129	2
2130	2
2131	2
2132	2
2133	2
2134	2
2135	2
2136	2
2137	2
2138	2
2139	2
2140	2
2141	2
2142	2
2143	2
2144	2
2145	2
2146	2
2147	2
2148	2
2149	2
2150	2
2151	2
2152	2
2153	2
2154	2
2155	2
2156	2
2157	2
2158	2
2159	2
2160	2
2161	2
2162	2
2163	2
2164	2
2165	2
2166	2
2167	2
2168	2
2169	2
2170	2
2171	2
2172	2
2173	2
2174	2
2175	2
2176	2
2177	2
2178	2
2179	2
2180	2
2181	2
2182	2
2183	2
2184	2
2185	2
2186	1
2187	1
2188	1
2189	1
2190	1
2191	1
2192	1
2193	1
2194	1
2195	1
2196	1
2197	1
2198	1
2199	1
2200	1
2201	1
2202	1
2203	1
2204	1
2205	1
2206	1
2207	1
2208	1
2209	1
2210	1
2211	1
2212	1
2213	1
2214	1
2215	1
2216	1
2217	1
2218	1
2219	1
2220	1
2221	1
2222	1
2223	1
2224	1
2225	1
2226	1
2227	1
2228	1
2229	1
2230	1
2231	1
2232	1
2233	1
2234	1
2235	1
2236	1
2237	1
2238	1
2239	1
2240	1
2241	1
2242	1
2243	1
2244	1
2245	1
2246	1
2247	1
2248	1
2249	1
2250	1
2251	1
2252	1
2253	1
2254	1
2255	1
2256	1
2257	1
2258	1
2259	1
2260	1
2261	1
2262	1
2263	1
2264	1
2265	1
2266	1
2267	1
2268	1
2269	1
2270	1
2271	1
2272	1
2273	1
2274	1
2275	1
2276	1
2277	1
2278	1
2279	1
2280	1
2281	1
2282	1
2283	1
2284	1
2285	1
2286	1
2287	1
2288	1
2289	1
2290	1
2291	1
2292	1
2293	1
2294	1
2295	1
2296	1
2297	1
2298	1
2299	1
2300	1
2301	1
2302	1
2303	1
2304	1
2305	1
2306	1
2307	1
2308	1
2309	1
2310	1
2311	1
2312	1
2313	1
2314	1
2315	1
2316	1
2317	1
2318	1
2319	1
2320	1
2321	1
2322	1
2323	1
2324	1
2325	1
2326	1
2327	1
2328	1
2329	1
2330	1
2331	1
2332	1
2333	1
2334	1
2335	1
2336	1
2337	1
2338	1
2339	1
2340	1
2341	1
2342	1
2343	1
2344	1
2345	1
2346	1
2347	1
2348	1
2349	1
2350	1
2351	1
2352	1
2353	1
2354	1
2355	1
2356	1
2357	1
2358	1
2359	1
2360	1
2361	1
2362	1
2363	1
2364	1
2365	1
2366	1
2367	1
2368	1
2369	1
2370	1
2371	1
2372	1
2373	1
2374	1
2375	1
2376	1
2377	1
2378	1
2379	1
2380	1
2381	1
2382	1
2383	1
2384	1
2385	1
2386	1
2387	1
2388	1
2389	1
2390	1
2391	1
2392	1
2393	1
2394	1
2395	1
2396	1
2397	1
2398	1
2399	1
2400	1
2401	1
2402	1
2403	1
2404	1
2405	1
2406	1
2407	1
2408	1
2409	1
2410	1
2411	1
2412	1
2413	1
2414	1
2415	1
2416	1
2417	1
2418	1
2419	1
2420	1
2421	1
2422	1
2423	1
2424	1
2425	1
2426	1
2427	1
2428	1
2429	1
2430	1
2431	1
2432	1
2433	1
2434	1
2435	1
2436	1
2437	1
2438	1
2439	1
2440	1
2441	1
2442	1
2443	1
2444	1
2445	1
2446	1
2447	1
2448	1
2449	1
2450	1
2451	1
2452	1
2453	1
2454	1
2455	1
2456	1
2457	1
2458	1
2459	1
2460	1
2461	1
2462	1
2463	1
2464	1
2465	1
2466	1
2467	1
2468	1
2469	1
2470	1
2471	1
2472	1
2473	1
2474	1
2475	1
2476	1
2477	1
2478	1
2479	1
2480	1
2481	1
2482	1
2483	1
2484	1
2485	1
2486	1
2487	1
2488	1
2489	1
2490	1
2491	1
2492	1
2493	1
2494	1
2495	1
2496	1
2497	1
2498	1
2499	1
2500	1
2501	1
2502	1
2503	1
2504	1
2505	1
2506	1
2507	1
2508	1
2509	1
2510	1
2511	1
2512	1
2513	1
2514	1
2515	1
2516	1
2517	1
2518	1
2519	1
2520	1
2521	1
2522	1
2523	1
2524	1
2525	1
2526	1
2527	1
2528	1
2529	1
2530	1
2531	1
2532	1
2533	1
2534	1
2535	1
2536	1
2537	1
2538	1
2539	1
2540	1
2541	1
2542	1
2543	1
2544	1
2545	1
2546	1
2547	1
2548	1
2549	1
2550	1
2551	1
2552	1
2553	1
2554	1
2555	1
2556	1
2557	1
2558	1
2559	1
2560	1
2561	1
2562	1
2563	1
2564	1
2565	1
2566	1
2567	1
2568	1
2569	1
2570	1
2571	1
2572	1
2573	1
2574	1
2575	1
2576	1
2577	1
2578	1
2579	1
2580	1
2581	1
2582	1
2583	1
2584	1
2585	1
2586	1
2587	1
2588	1
2589	1
2590	1
2591	1
2592	1
2593	1
2594	1
2595	1
2596	1
2597	1
2598	1
2599	1
2600	1
2601	1
2602	1
2603	1
2604	1
2605	1
2606	1
2607	1
2608	1
2609	1
2610	1
2611	1
2612	1
2613	1
2614	1
2615	1
2616	1
2617	1
2618	1
2619	1
2620	1
2621	1
2622	1
2623	1
2624	1
2625	1
2626	1
2627	1
2628	1
2629	1
2630	1
2631	1
2632	1
2633	1
2634	1
2635	1
2636	1
2637	1
2638	1
2639	1
2640	1
2641	1
2642	1
2643	1
2644	1
2645	1
2646	1
2647	1
2648	1
2649	1
2650	1
2651	1
2652	1
2653	1
2654	1
2655	1
2656	1
2657	1
2658	1
2659	1
2660	1
2661	1
2662	1
2663	1
2664	1
2665	1
2666	1
2667	1
2668	1
2669	1
2670	1
2671	1
2672	1
2673	1
2674	1
2675	1
2676	1
2677	1
2678	1
2679	1
2680	1
2681	1
2682	1
2683	1
2684	1
2685	1
2686	1
2687	1
2688	1
2689	1
2690	1
2691	1
2692	1
2693	1
2694	1
2695	1
2696	1
2697	1
2698	1
2699	1
2700	1
2701	1
2702	1
2703	1
2704	1
2705	1
2706	1
2707	1
2708	1
2709	1
2710	1
2711	1
2712	1
2713	1
2714	1
2715	1
2716	1
2717	1
2718	1
2719	1
2720	1
2721	1
2722	1
2723	1
2724	1
2725	1
2726	1
2727	1
2728	1
2729	1
2730	1
2731	1
2732	1
2733	1
2734	1
2735	1
2736	1
2737	1
2738	1
2739	1
2740	1
2741	1
2742	1
2743	1
2744	1
2745	1
2746	1
2747	1
2748	1
2749	1
2750	1
2751	1
2752	1
2753	1
2754	1
2755	1
2756	1
2757	1
2758	1
2759	1
2760	1
2761	1
2762	1
2763	1
2764	1
2765	1
2766	1
2767	1
2768	1
2769	1
2770	1
2771	1
2772	1
2773	1
2774	1
2775	1
2776	1
2777	1
2778	1
2779	1
2780	1
2781	1
2782	1
2783	1
2784	1
2785	1
2786	1
2787	1
2788	1
2789	1
2790	1
2791	1
2792	1
2793	1
2794	1
2795	1
2796	1
2797	1
2798	1
2799	1
2800	1
2801	1
2802	1
2803	1
2804	1
2805	1
2806	1
2807	1
2808	1
2809	1
2810	1
2811	1
2812	1
2813	1
2814	1
2815	1
2816	1
2817	1
2818	1
2819	1
2820	1
2821	1
2822	1
2823	1
2824	1
2825	1
2826	1
2827	1
2828	1
2829	1
2830	1
2831	1
2832	1
2833	1
2834	1
2835	1
2836	1
2837	1
2838	1
2839	1
2840	1
2841	1
2842	1
2843	1
2844	1
2845	1
2846	1
2847	1
2848	1
2849	1
2850	1
2851	1
2852	1
2853	1
2854	1
2855	1
2856	1
2857	1
2858	1
2859	1
2860	1
2861	1
2862	1
2863	1
2864	1
2865	1
2866	1
2867	1
2868	1
2869	1
2870	1
2871	1
2872	1
2873	1
2874	1
2875	1
2876	1
2877	1
2878	1
2879	1
2880	1
2881	1
2882	1
2883	1
2884	1
2885	1
2886	1
2887	1
2888	1
2889	1
2890	1
2891	1
2892	1
2893	1
2894	1
2895	1
2896	1
2897	1
2898	1
2899	1
2900	1
2901	1
2902	1
2903	1
2904	1
2905	1
2906	1
2907	1
2908	1
2909	1
2910	1
2911	1
2912	1
2913	1
2914	1
2915	1
2916	1
2917	1
2918	1
2919	1
2920	1
2921	1
2922	1
2923	1
2924	1
2925	1
2926	1
2927	1
2928	1
2929	1
2930	1
2931	1
2932	1
2933	1
2934	1
2935	1
2936	1
2937	1
2938	1
2939	1
2940	1
2941	1
2942	1
2943	1
2944	1
2945	1
2946	1
2947	1
2948	1
2949	1
2950	1
2951	1
2952	1
2953	1
2954	1
2955	1
2956	1
2957	1
2958	1
2959	1
2960	1
2961	1
2962	1
2963	1
2964	1
2965	1
2966	1
2967	1
2968	1
2969	1
2970	1
2971	1
2972	1
2973	1
2974	1
2975	1
2976	1
2977	1
2978	1
2979	1
2980	1
2981	1
2982	1
2983	1
2984	1
2985	1
2986	1
2987	1
2988	1
2989	1
2990	1
2991	1
2992	1
2993	1
2994	1
2995	1
2996	1
2997	1
2998	1
2999	1
3000	1
3001	1
3002	1
3003	1
3004	1
3005	1
3006	1
3007	1
3008	1
3009	1
3010	1
3011	1
3012	1
3013	1
3014	1
3015	1
3016	1
3017	1
3018	1
3019	1
3020	1
3021	1
3022	1
3023	1
3024	1
3025	1
3026	1
3027	1
3028	1
3029	1
3030	1
3031	1
3032	1
3033	1
3034	1
3035	1
3036	1
3037	1
3038	1
3039	1
3040	1
3041	1
3042	1
3043	1
3044	1
3045	1
3046	1
3047	1
3048	1
3049	1
3050	1
3051	1
3052	1
3053	1
3054	1
3055	1
3056	1
3057	1
3058	1
3059	1
3060	1
3061	1
3062	1
3063	1
3064	1
3065	1
3066	1
3067	1
3068	1
3069	1
3070	1
3071	1
3072	1
3073	1
3074	1
3075	1
3076	1
3077	1
3078	1
3079	1
3080	1
3081	1
3082	1
3083	1
3084	1
3085	1
3086	1
3087	1
3088	1
3089	1
3090	1
3091	1
3092	1
3093	1
3094	1
3095	1
3096	1
3097	1
3098	1
3099	1
3100	1
3101	1
3102	1
3103	1
3104	1
3105	1
3106	1
3107	1
3108	1
3109	1
3110	1
3111	1
3112	1
3113	1
3114	1
3115	1
3116	1
3117	1
3118	1
3119	1
3120	1
3121	1
3122	1
3123	1
3124	1
3125	1
3126	1
3127	1
3128	1
3129	1
3130	1
3131	1
3132	1
3133	1
3134	1
3135	1
3136	1
3137	1
3138	1
3139	1
3140	1
3141	1
3142	1
3143	1
3144	1
3145	1
3146	1
3147	1
3148	1
3149	1
3150	1
3151	1
3152	1
3153	1
3154	1
3155	1
3156	1
3157	1
3158	1
3159	1
3160	1
3161	1
3162	1
3163	1
3164	1
3165	1
3166	1
3167	1
3168	1
3169	1
3170	1
3171	1
3172	1
3173	1
3174	1
3175	1
3176	1
3177	1
3178	1
3179	1
3180	1
3181	1
3182	1
3183	1
3184	1
3185	1
3186	1
3187	1
3188	1
3189	1
3190	1
3191	1
3192	1
3193	1
3194	1
3195	1
3196	1
3197	1
3198	1
3199	1
3200	1
3201	1
3202	1
3203	1
3204	1
3205	1
3206	1
3207	1
3208	1
3209	1
3210	1
3211	1
3212	1
3213	1
3214	1
3215	1
3216	1
3217	1
3218	1
3219	1
3220	1
3221	1
3222	1
3223	1
3224	1
3225	1
3226	1
3227	1
3228	1
3229	1
3230	1
3231	1
3232	1
3233	1
3234	1
3235	1
3236	1
3237	1
3238	1
3239	1
3240	1
3241	1
3242	1
3243	1
3244	1
3245	1
3246	1
3247	1
3248	1
3249	1
3250	1
3251	1
3252	1
3253	1
3254	1
3255	1
3256	1
3257	1
3258	1
3259	1
3260	1
3261	1
3262	1
3263	1
3264	1
3265	1
3266	1
3267	1
3268	1
3269	1
3270	1
3271	1
3272	1
3273	1
3274	1
3275	1
3276	1
3277	1
3278	1
3279	1
3280	1
3281	1
3282	1
3283	1
3284	1
3285	1
3286	1
3287	1
3288	1
3289	1
3290	1
3291	1
3292	1
3293	1
3294	1
3295	1
3296	1
3297	1
3298	1
3299	1
3300	1
3301	1
3302	1
3303	1
3304	1
3305	1
3306	1
3307	1
3308	1
3309	1
3310	1
3311	1
3312	1
3313	1
3314	1
3315	1
3316	1
3317	1
3318	1
3319	1
3320	1
3321	1
3322	1
3323	1
3324	1
3325	1
3326	1
3327	1
3328	1
3329	1
3330	1
3331	1
3332	1
3333	1
3334	1
3335	1
3336	1
3337	1
3338	1
3339	1
3340	1
3341	1
3342	1
3343	1
3344	1
3345	1
3346	1
3347	1
3348	1
3349	1
3350	1
3351	1
3352	1
3353	1
3354	1
3355	1
3356	1
3357	1
3358	1
3359	1
3360	1
3361	1
3362	1
3363	1
3364	1
3365	1
3366	1
3367	1
3368	1
3369	1
3370	1
3371	1
3372	1
3373	1
3374	1
3375	1
3376	1
3377	1
3378	1
3379	1
3380	1
3381	1
3382	1
3383	1
3384	1
3385	1
3386	1
3387	1
3388	1
3389	1
3390	1
3391	1
3392	1
3393	1
3394	1
3395	1
3396	1
3397	1
3398	1
3399	1
3400	1
3401	1
3402	1
3403	1
3404	1
3405	1
3406	1
3407	1
3408	1
3409	1
3410	1
3411	1
3412	1
3413	1
3414	1
3415	1
3416	1
3417	1
3418	1
3419	1
3420	1
3421	1
3422	1
3423	1
3424	1
3425	1
3426	1
3427	1
3428	1
3429	1
3430	1
3431	1
3432	1
3433	1
3434	1
3435	1
3436	1
3437	1
3438	1
3439	1
3440	1
3441	1
3442	1
3443	1
3444	1
3445	1
3446	1
3447	1
3448	1
3449	1
3450	1
3451	1
3452	1
3453	1
3454	1
3455	1
3456	1
3457	1
3458	1
3459	1
3460	1
3461	1
3462	1
3463	1
3464	1
3465	1
3466	1
3467	1
3468	1
3469	1
3470	1
3471	1
3472	1
3473	1
3474	1
3475	1
3476	1
3477	1
3478	1
3479	1
3480	1
3481	1
3482	1
3483	1
3484	1
3485	1
3486	1
3487	1
3488	1
3489	1
3490	1
3491	1
3492	1
3493	1
3494	1
3495	1
3496	1
3497	1
3498	1
3499	1
3500	1
3501	1
3502	1
3503	1
3504	1
3505	1
3506	1
3507	1
3508	1
3509	1
3510	1
3511	1
3512	1
3513	1
3514	1
3515	1
3516	1
3517	1
3518	1
3519	1
3520	1
3521	1
3522	1
3523	1
3524	1
3525	1
3526	1
3527	1
3528	1
3529	1
3530	1
3531	1
3532	1
3533	1
3534	1
3535	1
3536	1
3537	1
3538	1
3539	1
3540	1
3541	1
3542	1
3543	1
3544	1
3545	1
3546	1
3547	1
3548	1
3549	1
3550	1
3551	1
3552	1
3553	1
3554	1
3555	1
3556	1
3557	1
3558	1
3559	1
3560	1
3561	1
3562	1
3563	1
3564	1
3565	1
3566	1
3567	1
3568	1
3569	1
3570	1
3571	1
3572	1
3573	1
3574	1
3575	1
3576	1
3577	1
3578	1
3579	1
3580	1
3581	1
3582	1
3583	1
3584	1
3585	1
3586	1
3587	1
3588	1
3589	1
3590	1
3591	1
3592	1
3593	1
3594	1
3595	1
3596	1
3597	1
3598	1
3599	1
3600	1
3601	1
3602	1
3603	1
3604	1
3605	1
3606	1
3607	1
3608	1
3609	1
3610	1
3611	1
3612	1
3613	1
3614	1
3615	1
3616	1
3617	1
3618	1
3619	1
3620	1
3621	1
3622	1
3623	1
3624	1
3625	1
3626	1
3627	1
3628	1
3629	1
3630	1
3631	1
3632	1
3633	1
3634	1
3635	1
3636	1
3637	1
3638	1
3639	1
3640	1
3641	1
3642	1
3643	1
3644	1
3645	1
3646	1
3647	1
3648	1
3649	1
3650	1
3651	1
3652	1
3653	1
3654	1
3655	1
3656	1
3657	1
3658	1
3659	1
3660	1
3661	1
3662	1
3663	1
3664	1
3665	1
3666	1
3667	1
3668	1
3669	1
3670	1
3671	1
3672	1
3673	1
3674	1
3675	1
3676	1
3677	1
3678	1
3679	1
3680	1
3681	1
3682	1
3683	1
3684	1
3685	1
3686	1
3687	1
3688	1
3689	1
3690	1
3691	1
3692	1
3693	1
3694	1
3695	1
3696	1
3697	1
3698	1
3699	1
3700	1
3701	1
3702	1
3703	1
3704	1
3705	1
3706	1
3707	1
3708	1
3709	1
3710	1
3711	1
3712	1
3713	1
3714	1
3715	1
3716	1
3717	1
3718	1
3719	1
3720	1
3721	1
3722	1
3723	1
3724	1
3725	1
3726	1
3727	1
3728	1
3729	1
3730	1
3731	1
3732	1
3733	1
3734	1
3735	1
3736	1
3737	1
3738	1
3739	1
3740	1
3741	1
3742	1
3743	1
3744	1
3745	1
3746	1
3747	1
3748	1
3749	1
3750	1
3751	1
3752	1
3753	1
3754	1
3755	1
3756	1
3757	1
3758	1
3759	1
3760	1
3761	1
3762	1
3763	1
3764	1
3765	1
3766	1
3767	1
3768	1
3769	1
3770	1
3771	1
3772	1
3773	1
3774	1
3775	1
3776	1
3777	1
3778	1
3779	1
3780	1
3781	1
3782	1
3783	1
3784	1
3785	1
3786	1
3787	1
3788	1
3789	1
3790	1
3791	1
3792	1
3793	1
3794	1
3795	1
3796	1
3797	1
3798	1
3799	1
3800	1
3801	1
3802	1
3803	1
3804	1
3805	1
3806	1
3807	1
3808	1
3809	1
3810	1
3811	1
3812	1
3813	1
3814	1
3815	1
3816	1
3817	1
3818	1
3819	1
3820	1
3821	1
3822	1
3823	1
3824	1
3825	1
3826	1
3827	1
3828	1
3829	1
3830	1
3831	1
3832	1
3833	1
3834	1
3835	1
3836	1
3837	1
3838	1
3839	1
3840	1
3841	1
3842	1
3843	1
3844	1
3845	1
3846	1
3847	1
3848	1
3849	1
3850	1
3851	1
3852	1
3853	1
3854	1
3855	1
3856	1
3857	1
3858	1
3859	1
3860	1
3861	1
3862	1
3863	1
3864	1
3865	1
3866	1
3867	1
3868	1
3869	1
3870	1
3871	1
3872	1
3873	1
3874	1
3875	1
3876	1
3877	1
3878	1
3879	1
3880	1
3881	1
3882	1
3883	1
3884	1
3885	1
3886	1
3887	1
3888	1
3889	1
3890	1
3891	1
3892	1
3893	1
3894	1
3895	1
3896	1
3897	1
3898	1
3899	1
3900	1
3901	1
3902	1
3903	1
3904	1
3905	1
3906	1
3907	1
3908	1
3909	1
3910	1
3911	1
3912	1
3913	1
3914	1
3915	1
3916	1
3917	1
3918	1
3919	1
3920	1
3921	1
3922	1
3923	1
3924	1
3925	1
3926	1
3927	1
3928	1
3929	1
3930	1
3931	1
3932	1
3933	1
3934	1
3935	1
3936	1
3937	1
3938	1
3939	1
3940	1
3941	1
3942	1
3943	1
3944	1
3945	1
3946	1
3947	1
3948	1
3949	1
3950	1
3951	1
3952	1
3953	1
3954	1
3955	1
3956	1
3957	1
3958	1
3959	1
3960	1
3961	1
3962	1
3963	1
3964	1
3965	1
3966	1
3967	1
3968	1
3969	1
3970	1
3971	1
3972	1
3973	1
3974	1
3975	1
3976	1
3977	1
3978	1
3979	1
3980	1
3981	1
3982	1
3983	1
3984	1
3985	1
3986	1
3987	1
3988	1
3989	1
3990	1
3991	1
3992	1
3993	1
3994	1
3995	1
3996	1
3997	1
3998	1
3999	1
4000	1
4001	1
4002	1
4003	1
4004	1
4005	1
4006	1
4007	1
4008	1
4009	1
4010	1
4011	1
4012	1
4013	1
4014	1
4015	1
4016	1
4017	1
4018	1
4019	1
4020	1
4021	1
4022	1
4023	1
4024	1
4025	1
