2186
2410
1467
83
26
1574
26
196
196
26
310
1
196
310
196
196
1
1
3350
26
2325
698
1
26
2400
174
49
2186
1
2410
1467
83
26
1574
1
26
196
196
26
310
26
1
2186
1
138
14
26
15
811
138
310
26
26
6
16
5116
26
6
16
253
310
1828
5116
14
16
16
14
26
6
5116
5116
16
26
14
2155
6
5116
16
2400
14
196
196
14
1
4
2
5116
14
1579
1579
1579
1579
1579
1579
1579
1579
196
223
196
14
196
196
14
5116
2
507
159
14
1574
3350
159
14
3067
159
196
196
196
159
918
14
1574
196
196
159
3067
14
14
5116
2
507
159
14
1574
1
3350
159
14
3067
159
196
196
196
159
918
14
1574
2
196
196
159
3067
14
1
224
2400
14
1747
3067
159
1747
1590
1747
1747
1747
1747
1747
1747
14
196
196
5116
3067
1
1
14
2400
753
512
159
310
2863
5
14
2186
13
18
53
1
2
1
1
1
1
5116
5116
5116
5116
5116
5116
5116
1
196
1
196
3067
1053
2
5
14
5
5116
5116
196
196
5
301
5116
5449
5116
5116
5116
5116
5116
5116
5116
5116
5116
5116
5
2186
271
14
5
14
5
5116
5116
196
196
5
301
5116
5449
5116
5116
2432
5116
5116
5116
5116
5116
5116
5116
5
2186
271
14
52
5
14
5116
52
5
698
14
5116
52
196
196
5
14
1280
5
2400
243
14
52
5
113
271
14
2400
86
52
13
159
1
113
14
271
26
113
196
2400
162
159
14
2400
5116
13
159
1
1
1
1
1
1
14
5
196
265
2400
159
5116
59
2400
5116
1574
5
1
1
1
1
5116
1
1
5116
5116
1
5116
1
265
159
14
5
196
265
2400
159
5116
59
2400
5116
2
1574
5
1
1
1
1
5116
1
1
5116
5116
1
5116
1
265
159
5
14
1
1574
2
265
113
68
170
14
1
37
2
265
265
14
5
1
265
14
116
5
1
2
265
1
14
1
1574
196
196
196
2
265
2186
1
1
356
2639
1
1
1
1
1
1
1
1
1
1
1
1
1
1
1
3104
3104
556
59
196
6
196
3286
1
1
14
2186
3104
3104
556
59
6
2507
1
1
6
59
3286
3104
3104
14
556
6
5116
1574
1
1
5116
3104
3104
2507
59
196
6
196
3286
1
14
2186
3104
3104
556
59
6
556
1
1
6
59
3286
3104
3104
14
556
6
1
5116
1574
5116
3286
470
59
70
196
1
1
196
1
196
5300
3286
59
1
13
5116
5116
5116
5116
5116
5116
5116
5116
5116
5116
5116
5116
5116
5116
5116
5116
5116
5116
5116
5116
5116
5116
5116
3286
13
59
284
59
13
1
284
3286
53
196
13
196
5300
348
13
59
196
196
5116
2
72
51
3962
3962
348
59
1
998
288
15
106
5116
5116
5116
5116
5116
5116
348
5116
5116
5116
1
1
1
1
59
196
196
5116
805
72
51
3962
3962
348
59
3087
176
3087
176
1
1581
1894
1
231
1
3087
176
3087
176
1
3290
2
1581
1
805
3087
176
2400
81
1
3087
176
3087
176
2254
2254
1361
2254
3087
176
3087
176
1
1581
1894
231
1
2
3087
176
3087
176
1
3290
2
1581
1
2
3087
176
2400
81
1
3087
176
1
1
3087
176
2254
2254
1361
2254
3087
176
3087
176
1581
1894
1
231
2
2
176
2
176
1
3290
2
1581
1
1
1
2
176
2400
81
1
2
176
1
176
2254
2254
1361
2254
176
2
176
1581
1894
231
1
2
2
176
2
176
1
3290
2
1581
1
1
2
176
2400
81
1
2
176
1
1
1
2
176
2254
2254
1361
2254
1084
2400
2
3878
1
2
1
1
52
2186
2
1894
2
1
1574
1894
1894
1581
1
2400
1
1
1581
1581
51
2642
1361
1084
2400
2
3878
2
542
2186
2
1894
1
2
1894
1894
1
1581
1
2400
1
1581
1581
1
51
2642
1361
1084
2400
2
3878
1
2
1
542
2186
2
1894
2
1
2
1894
1894
1581
1
2400
1
1
1581
1581
1
51
2642
1361
1
2
1574
18
42
2186
2314
1216
1867
1
717
2400
94
1
2
196
196
2
1599
1
1
2
1574
18
42
1
2186
2314
1216
1867
717
2400
94
1
196
196
1
2
1599
1
1
2
1574
18
42
1
2
2186
2314
1216
1867
1
717
2
2400
94
196
196
2
1599
10
2
1894
1
1
2400
1
196
196
1
1574
196
196
196
196
2
1
1249
2
10
1894
2400
1
440
440
1
1574
440
440
440
440
2
1
1
1249
2
10
2
2
1894
1
1
2400
1
440
440
1
1574
440
440
440
440
2
1
1
1249
12
2
1894
1
1
2400
2
440
440
1
1574
440
440
440
440
2
1249
2
1343
1009
2254
53
125
2216
848
247
53
1343
1009
2
125
2400
2216
848
2
2216
848
440
440
1
1343
1009
53
6
2
2
125
2216
848
1343
1009
2254
53
1
2
125
2216
848
247
53
1343
1009
125
2400
2216
848
2
2216
848
440
440
1343
1009
53
6
2
2
125
2216
848
1343
1009
2254
53
1
2
125
2
2216
848
247
53
1343
1009
2
125
2400
2216
848
2
2216
848
440
440
1
1343
1009
53
6
2
125
2216
848
5116
1343
1009
2216
848
440
1343
1009
2216
848
1343
1009
2216
848
1430
2216
848
1
53
1343
1009
2254
2216
848
2254
2254
2254
2254
2254
2254
2
5116
1343
1009
2216
848
440
1343
1009
2
2216
848
1343
1009
2216
848
1266
1430
2216
848
1
2
53
1343
1009
2254
2216
848
2254
2254
2254
2254
2254
2254
2
5116
2
1343
1009
2216
848
440
1343
1009
2216
848
1343
1009
2216
848
1430
2216
848
1
2
53
1343
1009
2254
2216
848
2254
2254
2254
2254
2254
2254
2
2
1574
2
2400
2
2254
2254
2254
2254
2
112
1
2
2254
2254
2254
2254
2254
2254
2254
2254
1
2
1574
2400
2
2254
2254
2254
2254
2
112
1
1
2
2254
2254
2254
2254
2254
2254
2254
2254
1574
2
2400
2
2254
2254
2254
2254
112
1
2254
2254
2254
2254
2254
2254
2254
2254
2
1574
2400
2
2254
2254
2254
2254
2
112
2
2254
2254
2254
2254
2254
2254
2254
2254
440
1574
440
1894
1894
2
1307
2
1315
1894
1
2
2
2
440
440
2400
1
2
1
2
2
440
440
440
440
1574
440
1894
1894
2
1307
2
28
1315
1894
1
2
2
2
440
440
2400
1
2
1
2
2
440
440
440
440
2
1574
440
1894
1894
2
2
1307
2
1315
1894
1
2
440
440
2400
1
1
2
440
440
440
440
1894
440
440
440
1894
2254
2254
1574
2254
2
2399
2254
430
1574
2
2
440
440
440
1
2400
1
8
1
440
1894
440
440
440
1894
2254
2254
1574
2254
2
2399
2254
430
1574
2
440
440
440
1
2400
113
1
440
1894
440
440
440
2
1894
2254
2254
1574
2254
2
2399
2254
430
1574
2
2
440
440
440
1
2400
1
113
3954
159
100
13
1894
1894
1581
1574
3954
159
12
4444
2
1894
1894
2
2400
2254
1
2
3577
1
440
3954
159
100
13
2
1894
1894
1581
1574
3954
159
12
4444
1894
2
1894
2
1
2400
2254
1
2
2
3577
1
440
3954
159
100
13
2
1894
1894
1581
1574
3954
159
12
4444
2
1894
1894
2
2400
2254
1
2
3577
1
440
3954
159
100
13
2
1894
1894
1581
1574
3954
159
12
4444
1894
2
1894
1
2400
2254
2
3577
440
2
2400
125
1
1372
159
118
1894
1894
4751
2254
2254
440
159
2
4751
1
125
5116
5116
5116
5116
1
2400
125
1372
159
1
118
1894
1894
4751
2254
2254
1
440
159
2
4751
1
125
5116
5116
5116
1
1
5116
1
2400
125
1
1372
159
1
118
1894
1894
4751
2254
2254
1
440
159
2
4751
1
125
5116
5116
5116
1
1
5116
224
1
2
159
1
1894
118
1
440
224
2
159
440
1894
1894
1
1894
440
1
1574
1
2
1
1
1
1
1
1
1
1
224
2
159
1894
118
1
440
224
2
159
440
1894
1894
1894
440
1574
1
1
1
1
1
1
1
1
1
224
1
2
159
1894
118
440
224
159
440
1894
1894
1
1894
440
1574
1
1
1
1
1
1
1
1
1
3022
271
1049
2772
2
3022
1049
551
2
5116
1
4358
118
5116
5116
5116
5116
5116
5116
5116
5116
5116
5116
5116
3022
118
2
1049
2772
3022
1
2
1049
551
2
5116
4358
118
5116
5116
5116
5116
5116
5116
5116
5116
5116
5116
5116
3022
2
1049
2772
2
3022
2
2
1049
551
5116
1
4358
271
5116
5116
5116
5116
5116
5116
5116
5116
5116
5116
5116
3022
271
1049
2772
2
3022
2
1049
551
2
5116
1
1214
271
5116
5116
5116
5116
5116
5116
5116
5116
5116
5116
5116
1
1
1
1
1
6
1
1
1
1
1
1
1
1
1
3
440
6
2
1
2186
6
440
1894
440
1894
440
5116
5116
1894
1894
1455
1894
71
551
440
440
1
1
1
271
1
1
2
5116
1
1
1
1
1
1
1
5116
5116
5116
1
1
2
1894
1894
1455
1894
71
551
440
440
1
1
1
271
1
1
5116
1
1
1
1
1
1
1
5116
5116
5116
2
1894
1894
1455
1894
2
71
551
440
440
1
1
1
271
1
1
2
5116
1
1
1
1
1
1
1
5116
5116
5116
1
2
1894
1894
1455
1894
2
71
551
440
440
1
1
1
271
1
1
2
5116
1
1
1
1
1
1
1
5116
5
3506
1
2
1894
1894
2400
3506
440
1574
2
5116
1
1
1
2
1
1
3506
5116
814
1482
3506
1
5
3506
1
2
1894
1894
2400
3506
440
1574
2
5116
1
1
1
2
1
1
3506
5116
814
1482
3506
5
3506
1
1894
1894
2400
3506
440
1574
2
5116
1
1
1
2
1
1
3506
5116
814
1482
3506
1
1574
5
129
1894
1
713
2216
440
106
440
5
5116
1
1
1
1
1
1
1
1
1
1
1
1
1
1
1
1574
5
129
1894
1
713
2216
440
106
440
5
5116
2
1
1
1
1
1
1
1
1
1
1
1
1
1
1
1
1574
5
129
1894
1
713
1
2216
84
106
84
5
5116
2
1
1
1
1
1
1
1
1
1
1
1
1
1
1
1
5
1
2216
2
695
5
2216
5116
395
2
84
2216
1894
5
84
5
84
2216
1894
695
1574
5116
1407
84
5
2216
5
1
2216
695
5
2216
5116
395
84
2216
1894
5
84
5
84
2216
1894
695
1574
5116
1407
2
84
5
2216
5
1
2216
695
5
2216
5116
395
2
84
2216
1894
5
84
5
84
2216
1894
695
1574
5116
1407
2
84
5
2216
5
2216
2
695
5
2216
5116
395
84
2216
1894
5
84
5
84
2216
1894
695
1574
5116
1407
84
5
2216
5116
5
2
52
5116
1
5116
5116
5116
123
2
1
2254
2254
2254
2254
2254
2254
2254
2254
2
1
1574
2254
2254
2254
2254
79
1532
1
5116
2
123
2
1
2254
2254
2254
2254
2254
2254
2254
2254
1
1574
2254
2254
2254
2254
79
1532
1
1
5116
2
123
2
1
2254
2254
2254
2254
2254
2254
2254
2254
2
4189
1574
2254
2254
2254
2254
79
1532
1
5116
2
123
2
2254
2254
2254
2254
2254
2254
2254
2254
4189
1574
2254
2254
2254
2254
1
1
1
1
1
1
1
1
1
1
1
1
1
5116
1
1
1
45
1
1
1
1
1
1
1
1
1
45
1
1
1
1
1
1
1
1
1
1
1
1
1
1
1
5116
1
1
1
45
1
1
1
1
1
1
1
1
1
45
1
1
1
1
1
1
1
1
1
1
1
1
1
1
1
5116
1
1
1
45
1
1
1
1
1
1
1
1
1
45
1
1
45
1
1
45
1
1
1
1
1
1
1
1
1
2254
2254
2254
2254
2254
2254
2254
2254
5
2254
2254
2254
2254
2254
2254
45
1
1
1
1
1
1
1
1
1
1
1
2254
2254
2254
2254
2254
2254
2254
2254
5
2254
2254
2254
2254
2254
2254
45
1
1
45
1
1
1
1
1
1
1
1
1
2254
2254
2254
2254
2254
2254
2254
2254
5
2254
2254
2254
2254
2254
2254
45
145
2682
5
2682
2682
2682
2682
18
84
84
84
1045
5
5116
2254
2254
2254
2254
2254
2254
2254
1769
2254
2254
2254
2254
2254
2254
45
145
2682
5
2682
2682
2682
2682
18
84
84
84
1045
5
5116
2254
2254
2254
2254
2254
2254
2254
1769
2254
2254
2254
2254
2254
2254
45
145
2682
5
2682
2682
2682
2682
18
84
84
84
1045
5
5116
2254
2254
2254
2254
2254
2254
2254
1769
2254
2254
2254
2254
2254
2254
45
145
2682
5
2682
2682
2682
2682
18
84
84
84
1045
5
5116
2254
2254
2254
2254
2254
2254
2254
1769
2254
2254
2254
2254
2254
2254
45
45
45
45
5
18
1
145
1045
13
45
45
1405
45
1
45
279
5
45
45
45
1045
45
145
84
84
84
18
45
45
45
45
5
18
145
1045
13
45
45
1405
45
1
45
279
5
45
45
45
1045
45
145
84
84
84
18
45
45
45
45
5
18
2
1
145
1045
13
45
45
1405
45
45
279
5
45
5
45
45
1045
45
145
84
84
84
18
12
12
12
12
12
12
12
12
12
18
12
12
12
12
1
1
84
84
146
45
2400
5116
45
18
145
1
1045
12
12
12
12
12
12
12
12
12
18
12
12
12
12
1
84
84
146
45
2400
5116
45
18
145
1045
12
12
12
12
12
12
12
12
12
18
12
12
12
12
1
84
84
146
45
2400
5116
45
18
145
1
1045
13
1574
73
73
1
12
145
3325
226
142
1045
18
142
5116
1885
145
12
12
5116
12
12
813
12
12
12
145
12
12
1
12
13
1574
73
73
1
12
145
3325
226
142
1045
18
142
5116
813
145
12
12
5116
12
12
813
12
12
12
145
12
12
1
12
13
1574
73
73
1
12
145
3325
226
142
1045
18
142
5116
813
145
12
12
5116
12
12
1484
12
12
12
145
12
12
12
13
1574
73
73
12
145
3325
226
142
1045
18
142
5116
1484
145
12
12
5116
12
12
813
12
12
12
145
12
12
1
12
73
73
125
813
1045
15
16
18
73
73
1484
125
1
5116
16
1045
1
12
12
12
12
12
12
12
3321
12
12
12
12
12
73
73
73
73
125
1484
1045
15
16
18
73
73
446
125
5116
16
1045
12
12
12
12
12
12
12
3321
12
12
12
12
12
73
73
73
73
125
1484
1045
15
16
18
73
73
1484
125
1
5116
16
1045
12
12
12
12
12
12
12
3321
12
12
12
12
12
73
73
12
12
12
12
12
12
12
12
12
12
12
12
12
12
176
84
176
3321
1918
3321
73
73
3321
3321
3321
3321
3321
3321
3321
3321
3321
12
12
12
12
12
12
12
12
12
12
12
12
12
12
176
84
176
3321
1918
3321
73
73
3321
3321
3321
3321
3321
3321
3321
3321
3321
12
12
12
12
12
12
12
12
12
12
12
12
12
12
446
84
446
3321
1918
3321
73
73
3321
3321
3321
3321
3321
3321
3321
3321
3321
1
1
12
12
1574
446
12
12
81
5116
637
12
3321
3321
5116
1
1
1009
84
1769
446
81
4358
19
1
1
1
1
12
12
1574
446
12
12
81
5116
637
12
3321
3321
5116
1
1009
84
1769
446
81
4358
19
1
1
1
1
113
446
45
89
446
45
113
59
45
113
446
59
113
45
79
23
59
446
2400
113
59
59
446
45
113
446
45
89
446
45
113
59
45
113
446
59
113
45
79
23
59
446
2400
113
59
59
446
45
113
45
89
45
113
59
45
113
59
1690
89
59
113
2051
59
45
59
113
59
1
45
113
59
113
113
45
89
45
113
154
45
113
154
1146
89
113
2051
154
45
2
113
154
1
45
113
154
113
279
279
279
279
279
279
279
279
279
279
1224
279
1
45
154
45
340
86
159
1
1
106
5
6
154
2400
113
1
86
59
279
279
279
279
279
279
279
279
279
279
463
1224
279
1
1
59
59
59
340
86
159
1
106
5
6
59
2400
113
86
59
279
279
279
279
279
279
279
279
279
279
280
1224
279
1
59
59
59
340
86
159
1
1
106
5
6
59
2400
113
86
59
86
1
59
89
5
1
16
5116
86
59
5
1
1
1
1
5
59
59
86
159
16
5116
1
1
5
59
86
2
59
89
5
1
16
5116
86
59
5
1
1
1
5
59
59
86
159
16
5116
1
1
5
1
59
86
2
1
1
59
89
5
1
16
5116
86
1
59
5
1
1
1
1
5
59
59
86
159
16
5116
1
1
5
1
59
1146
86
59
16
4692
2699
5
59
1146
86
5116
16
59
86
2
2400
16
1146
59
5
59
86
5116
16
1146
59
1146
86
59
16
4692
2699
5
59
1146
86
5116
16
59
86
3
2400
16
1146
59
5
59
86
5116
16
1146
59
1146
86
59
16
4692
2699
5
59
1146
86
5116
16
59
86
3
2400
16
1146
59
5
59
86
5116
16
1146
59
1146
86
59
16
4692
2699
5
59
1146
86
5116
16
59
86
2
2400
16
1146
59
5
59
86
5116
16
1146
59
5
16
94
1146
59
86
2295
5
16
5116
59
5
16
2400
94
13
59
2400
86
8
116
59
1146
16
5
5116
2400
5116
16
5
16
94
1146
59
86
2295
5
16
5116
59
5
16
2400
94
13
59
2400
86
8
116
59
1146
16
5
5116
2400
5116
16
5
16
94
1146
59
86
2295
5
16
5116
59
5
16
2400
94
59
2400
86
8
116
59
1146
16
5
1
5116
2400
5116
16
5116
5
5116
16
1631
59
86
1146
2295
5
16
59
86
1146
1146
86
1
2
5116
86
1146
5116
5
59
16
2400
2295
1
40
5116
5
5116
16
1631
59
86
1146
2295
5
16
59
86
1146
1146
86
386
5116
86
1146
5116
5
59
16
2400
2295
1
40
5116
5
5116
16
1631
59
86
1146
2295
5
16
59
86
1146
1146
86
386
5116
86
1146
5116
5
59
16
2400
2295
35
86
1
16
1020
59
1
886
124
2
1020
86
16
1
5116
86
3
2400
5116
1020
2400
1440
16
152
1020
86
1
87
86
1
16
1020
59
1
886
124
2
1020
86
16
5116
86
3
2400
5116
1020
2400
1440
16
152
1020
86
1
87
86
16
1020
59
1
886
124
2
1020
86
16
5116
86
3
2400
5116
1020
2400
1440
16
152
1020
86
87
86
1
16
1020
59
886
124
1020
86
16
5116
86
3
2400
5116
1020
2400
1440
16
152
1020
86
1
87
45
5
13
5116
59
5116
13
13
1020
13
2105
5
5
1
1
1
1
1009
1
1
1
1
1
1
1
1
2
45
5
13
5116
59
5116
13
13
1020
13
2105
2
5
5
1
1
1
1
1009
1
1
1
1
1
1
1
1
2
45
5
13
5116
59
5116
13
13
1020
13
2105
2
5
5
1
1
1
1
1009
1
1
1
1
1
1
1
1
25
2400
3
59
2
5
356
2400
1522
13
13
45
45
45
44
25
5116
5
5116
1
1980
59
44
25
2400
45
25
2400
3
59
2
5
356
2400
1522
13
13
45
45
45
44
25
5116
5
5116
1
2
1980
59
1
44
25
2400
45
25
2400
3
59
5
356
2400
1522
13
13
45
45
45
44
25
5116
5
5116
1
1980
59
1
44
25
2400
45
59
45
45
45
45
45
45
45
45
45
45
45
25
59
1
3351
45
45
45
45
5116
45
45
45
45
45
45
5
5116
59
45
45
45
45
45
45
45
45
45
45
45
25
59
1
3351
45
45
45
45
5116
45
45
45
45
45
45
5
5116
59
45
45
45
45
45
45
45
45
45
45
45
25
59
1
3351
45
45
45
45
5116
45
45
45
45
45
45
5
5116
59
45
45
45
45
45
45
45
45
45
45
45
25
59
1
3351
45
45
45
45
3631
45
45
45
45
45
45
5
5116
18
175
25
152
1
1
63
18
5
25
5
18
45
45
45
1639
5
13
13
13
25
18
5
25
45
45
45
45
45
18
175
25
152
1
1
63
18
5
25
5
18
45
45
45
1639
5
13
13
13
25
18
1
5
25
45
45
45
45
45
18
175
25
152
1
1
1
63
18
5
25
5
18
45
45
45
1639
5
13
13
13
25
18
5
25
45
45
45
45
45
198
25
5116
198
152
1315
25
25
5116
128
1
1
1
1
1
1
1
1
1
1
1
1
1
1
1
198
25
5116
198
152
1315
25
25
1
1
5116
128
1
1
1
1
1
1
1
1
1
1
1
1
1
1
1
198
25
5116
198
152
1315
25
25
5116
128
1
1
1
1
1
1
1
1
1
1
1
1
1
1
1
2
168
5116
138
113
5116
5116
5116
198
142
5116
5116
5116
25
3286
113
1
1
120
2299
138
1
1
1
1
2
168
5116
138
113
5116
5116
5116
198
142
5116
5116
5116
25
3286
113
1
1
120
2382
138
1
1
1
1
168
5116
138
113
5116
5116
5116
198
142
5116
5116
5116
25
2
3286
113
1
1
120
2382
138
1
1
1
1
1
168
5116
138
113
5116
5116
5116
198
142
5116
5116
5116
25
2
3286
113
1
1
55
2382
138
1
1
1
1
1
1
25
1
19
2400
142
2216
848
25
2216
848
138
2400
2400
120
2382
1
3286
113
2216
848
25
5116
138
19
1
1
25
1
1
1
19
2400
142
2216
848
25
2216
848
138
2400
2400
120
2382
1
3286
113
2216
848
25
5116
138
19
25
1
1
1
19
2400
142
2216
848
25
2216
848
138
2400
2400
120
2382
1
3286
113
2216
848
25
5116
138
19
1
113
1316
77
25
3286
113
25
1
1
1
1
77
3286
25
5116
113
2400
1717
1717
1717
2682
1717
3286
1717
1717
77
113
1316
77
25
3286
113
25
1
1
1
77
3286
25
5116
113
2400
1717
1717
1717
2682
1717
3286
1717
1717
77
113
1316
77
25
3286
113
25
1
1
1
1
1
77
3286
25
5116
113
2400
1717
1717
1717
2682
1717
3286
1717
1717
77
2
25
21
21
3286
21
113
1
25
3286
355
1717
1
1717
26
3286
25
113
2400
2682
2682
2682
2682
2682
2682
2682
2682
2
1
25
21
21
3286
21
113
25
3286
355
1717
1
1717
3286
25
113
2400
2682
2682
2682
2682
2682
2682
2682
2682
1
25
21
21
3286
21
113
1
25
3286
355
1717
1
1717
26
3286
25
113
2400
2682
2682
2682
2682
2682
2682
2682
2682
2
1
25
21
21
3286
21
113
25
3286
355
1717
1
1717
3286
25
113
2400
2682
2682
2682
2682
2682
2682
2682
2682
113
13
21
21
25
3286
1717
1717
1429
1717
1717
1717
1717
2682
2682
2682
25
113
21
3286
21
21
21
113
13
887
13
113
13
21
21
25
3286
1717
1717
1429
1717
1717
1717
1717
2682
2682
2682
25
113
21
3286
21
21
21
113
13
887
13
113
13
21
21
25
3286
1717
1717
1429
1717
1717
1717
1717
2682
2682
2682
25
113
21
3286
21
21
21
113
13
887
13
1
1717
1
1717
1717
1717
1717
1717
1717
1717
1717
2682
21
21
1717
1717
1717
5116
5116
5116
5116
1717
5116
1717
5116
1717
5116
5116
1717
1717
3
1717
1717
1717
1717
1717
1717
1717
1717
2682
21
21
1717
1717
1717
5116
5116
5116
5116
1717
5116
1717
5116
1717
5116
5116
1717
1
1717
1
1717
1717
1717
1717
1717
1717
1717
1717
2682
21
21
1717
1717
1717
5116
5116
5116
5116
1717
5116
1717
5116
1717
5116
5116
1717
25
1
90
4183
125
18
27
2
1
100
125
27
279
1
279
279
279
279
2
279
279
279
279
279
125
3
1
100
4183
125
70
27
2
100
56
125
27
279
279
279
279
279
2
279
279
279
279
279
125
3
1
100
4183
125
70
27
2
1
3
100
56
125
27
279
279
279
279
279
2
279
279
279
2
279
279
125
25
1
90
4183
125
18
27
2
1
25
90
125
27
279
1
279
279
279
279
2
279
279
279
279
279
125
1717
18
1717
1717
1717
1717
1717
25
90
21
1
21
21
21
21
964
964
964
964
964
964
964
964
964
964
964
964
964
964
964
1717
18
1717
1717
1717
1717
1717
25
90
21
21
21
21
21
964
964
964
964
964
964
964
964
964
964
964
964
964
964
964
1717
18
1717
1717
1717
1717
1717
25
90
21
21
21
21
21
964
964
964
964
964
964
964
964
964
964
964
964
964
964
964
964
964
964
964
964
964
964
964
964
964
964
964
964
964
964
2
279
279
279
279
279
279
279
446
18
279
279
279
279
964
964
964
964
964
964
964
964
964
964
964
964
964
964
964
279
279
279
279
279
279
279
446
18
279
279
279
279
964
964
964
964
964
964
964
964
964
964
964
964
964
964
964
2
279
279
279
279
279
279
279
446
18
279
279
279
279
25
90
446
677
196
196
18
25
90
446
18
15
90
25
15
279
279
279
279
279
279
279
279
279
279
279
279
279
279
279
25
90
446
677
196
196
18
25
90
446
18
15
90
25
15
279
279
279
279
279
279
279
279
279
279
279
279
279
279
279
25
90
446
677
196
196
18
25
90
446
18
15
90
25
15
279
279
279
279
279
279
279
279
279
279
279
279
279
279
279
25
90
446
677
196
196
18
25
90
446
18
15
90
25
15
279
279
279
279
279
279
279
279
279
279
279
279
279
279
279
1
25
18
446
25
1
446
18
917
25
446
100
814
18
45
15
1717
45
25
45
1717
45
1717
1717
45
45
1717
45
1717
25
18
446
25
1
446
18
917
25
446
100
814
18
109
45
15
1717
45
25
45
1717
45
1717
1717
45
45
1717
45
1717
1
25
18
446
25
446
18
917
25
446
100
814
1
18
45
15
1717
45
45
1717
45
1717
1717
45
45
1717
45
1717
15
15
15
18
15
15
15
26
15
15
1343
1009
196
196
196
196
964
964
964
964
279
964
964
964
964
964
964
964
964
964
964
15
15
15
18
15
15
15
26
15
15
1343
1009
196
196
196
196
964
964
964
964
279
964
964
964
964
964
964
964
964
964
964
15
15
15
18
15
15
15
26
15
15
1343
1009
196
196
196
196
964
964
964
964
279
964
964
964
964
964
964
964
964
964
964
4873
3057
446
25
3543
26
1343
1009
417
25
3543
26
417
446
25
3543
3543
106
1343
1009
446
1
3057
1894
26
106
25
1343
1009
1
446
138
3543
4873
3057
446
25
3543
26
1343
1009
417
1
25
3543
26
417
446
25
3543
3543
106
1343
1009
446
1
3057
1894
26
106
25
1
1343
1009
1
446
138
3543
4873
3057
446
25
3543
26
1343
1009
417
1
25
3543
26
417
446
25
3543
3543
106
1343
1009
446
3057
1894
26
106
25
1
1343
1009
1
446
138
3543
4873
3057
446
25
3543
26
1343
1009
417
1
25
3543
26
417
446
25
3543
3543
106
1343
1009
446
1
3057
1894
26
106
25
1
1343
1009
446
138
3543
15
13
279
279
15
15
15
1532
13
13
26
15
19
15
13
45
279
279
45
279
13
45
45
279
279
279
279
279
13
279
15
13
279
279
15
15
15
1532
13
13
26
15
19
15
13
45
279
279
45
279
13
45
45
279
279
279
279
279
13
279
15
13
279
279
15
15
15
1532
13
13
26
15
19
15
13
45
279
279
45
279
13
45
45
279
279
279
279
279
13
279
26
6
15
15
15
15
25
15
15
15
15
446
15
15
15
2400
2186
6
1374
26
13
13
13
446
15
15
6
15
15
26
6
15
15
15
15
25
15
15
15
15
446
15
15
15
2400
2186
6
1374
26
13
13
13
446
15
15
6
15
15
307
26
6
2400
45
45
25
45
45
45
26
196
196
196
196
15
5116
5116
5116
5116
5116
5116
5116
5116
5116
5116
15
15
15
15
2
2
351
1
1
1
1
1
1
1
1
1
1
1
1
13
2
13
1694
2028
2028
1694
1694
2028
1694
2028
1694
1694
1694
1694
2
351
1
1
1
1
1
1
1
1
1
1
1
1
13
13
1694
1694
2028
1694
1694
2028
1694
1694
1694
1694
1694
2028
2
351
1
1
1
1
1
1
1
1
1
1
1
1
13
2
2
13
2028
2028
2028
2028
1694
1694
1694
1694
1694
2028
1694
1694
2
351
1
1
1
1
1
1
1
1
1
1
1
1
13
13
1694
1694
2028
2028
1694
1694
2028
1694
1694
1694
2028
1694
1532
86
13
1694
13
1694
2028
1694
2028
1694
1694
1694
1694
5116
2400
86
3
86
13
2400
86
3
5116
3
3
3
5116
1532
86
13
2028
13
1694
1694
1694
1694
1694
2028
2028
2028
5116
2400
86
3
86
13
2400
86
3
5116
3
3
3
5116
1532
86
13
1694
13
2028
2028
2028
1694
2028
2028
2028
1694
5116
2400
86
3
86
13
2400
86
3
5116
3
3
3
5116
86
5116
871
86
2400
86
5116
1
86
1694
1694
1694
2028
1
1
1
1
1
1
1
1
1
1
1
1
1
1
1
86
5116
871
86
2400
86
5116
1
86
1694
2028
1694
1694
1
1
1
1
1
1
1
1
1
1
1
1
1
1
1
86
5116
871
86
2400
86
5116
2
86
1694
2028
1694
2028
1
1
1
1
1
1
1
1
1
1
1
1
1
1
1
86
5116
392
86
86
5116
86
5116
1
1
1
1
86
1
1
5116
13
86
16
5116
2400
86
86
5116
3
96
13
13
86
5116
392
86
86
5116
86
5116
1
1
1
1
86
1
1
5116
13
86
16
5116
2400
86
1460
86
5116
3
96
13
13
86
5116
392
86
86
5116
86
5116
1
1
1
1
86
1
1
5116
13
86
16
5116
2400
86
1460
86
5116
3
96
13
13
86
5116
392
86
86
5116
86
5116
1
1
1
1
86
1
1
5116
13
86
16
5116
2400
86
1460
86
5116
3
13
13
86
5116
86
84
5116
86
86
1
1
1
1
1
1
432
5116
86
432
5116
86
2149
2122
86
5116
86
3856
86
5116
86
84
5116
86
86
1
1
1
1
1
1
432
5116
86
432
5116
86
2149
2122
86
5116
86
3856
86
5116
86
84
5116
86
86
1
1
1
1
1
1
432
5116
86
432
5116
86
2149
2122
86
5116
86
3856
5116
1
84
2094
3
2
1
1
1
1
1
1
1
1
1
1
1
1
1
1
1
1
1
1
1
1
1
1
1
5116
1
84
2094
3
2
1
1
1
1
1
1
1
1
1
1
1
1
1
1
1
1
1
1
1
1
1
1
1
5116
1
84
169
3
1
1
1
1
1
1
1
1
1
1
1
1
1
1
1
1
1
1
1
1
1
1
2
1094
84
160
5116
5116
5116
3
2
956
2
2
84
5116
13
1360
432
84
5116
3
13
13
5116
2
1
1094
84
160
5116
5116
5116
3
2
956
2
2
84
5116
2
13
1360
432
84
5116
3
5116
2
1
2
1094
84
160
2
5116
3631
5116
3
2
956
84
5116
2
1360
432
84
5116
3
13
5116
1
2
1094
84
160
2
5116
5116
5116
2
956
2
84
5116
1360
432
84
5116
5116
1
5116
2400
1861
2122
5116
5116
5116
5116
5116
5116
5116
5116
5116
5116
5116
5116
5116
344
3
5116
432
5116
3
2400
1861
2122
5116
5116
5116
5116
5116
5116
5116
5116
5116
5116
5116
5116
5116
344
5116
432
2
5116
3
2400
1861
2122
5116
5116
5116
5116
5116
5116
5116
5116
5116
5116
5116
5116
5116
344
5116
432
2
2
2
2
2
2
2
2
2
2
5116
5116
2400
265
53
5116
5116
2400
1111
2
2
2
2
2
2
2
5116
5116
2400
352
53
5116
5116
2400
1111
2
2
2
2
2
2
2
2
5116
5116
2400
265
53
5116
5116
2400
1
1111
5116
1111
1717
1717
1717
1717
1717
1717
1717
1717
1717
5116
5116
5116
5116
5116
5116
5116
5116
5116
5116
5116
5116
5116
5116
5116
5116
1111
1717
1717
1717
1717
1717
1717
1717
1717
1717
5116
5116
5116
5116
5116
5116
5116
5116
5116
5116
5116
5116
5116
5116
5116
5116
3631
1717
1717
1717
1717
1717
1717
1717
1717
1717
5116
5116
5116
5116
5116
5116
5116
5116
5116
5116
5116
5116
5116
5116
5116
5116
3631
1717
1717
1717
1717
1717
1717
1717
1717
1717
5116
5116
5116
5116
5116
5116
5116
5116
5116
5116
5116
5116
5116
5116
5116
5116
262
2400
2
2
2
2
2
2
5116
5116
3
902
243
53
5116
5116
902
3631
2
2
2
2
2
2
2
2
2
2
2
5116
5116
902
243
53
5116
5116
902
1
3631
5116
3631
15
15
15
15
15
15
15
15
15
5116
5116
5116
5116
5116
5116
5116
5116
5116
5116
5116
5116
5116
5116
5116
5116
3631
15
15
15
15
15
15
15
15
15
5116
5116
5116
5116
5116
5116
5116
5116
5116
5116
5116
5116
5116
5116
5116
5116
3631
15
15
15
15
15
15
15
15
15
5116
5116
5116
5116
5116
5116
5116
5116
5116
5116
5116
5116
5116
5116
5116
5116
3631
15
15
15
15
15
15
15
15
15
5116
5116
5116
5116
5116
5116
5116
5116
5116
5116
5116
5116
5116
5116
5116
5116
262
902
5116
15
15
15
15
15
1
2028
2028
2028
1694
2028
2028
1694
2028
2028
2028
2028
2028
1694
5116
262
902
5116
15
15
15
15
15
1
1694
1694
1694
1694
1694
1694
2028
2028
1694
2028
1694
1694
2028
5116
262
902
5116
15
15
15
15
15
1
2028
1694
1694
1694
2028
1694
1694
1694
1694
1694
2028
2028
2028
2
5116
1781
2216
848
5116
1781
2216
848
5116
53
1781
2216
848
1694
1694
2216
848
1781
5116
2216
848
94
1781
2216
848
15
15
15
15
5116
1781
2216
848
5116
1781
2216
848
5116
53
1781
2216
848
1694
2028
2216
848
1781
5116
2216
848
3
1781
2216
848
15
15
15
15
5116
1781
2216
848
5116
1781
2216
848
5116
53
1781
2216
848
2028
2028
2216
848
1784
1781
5116
2216
848
3
1781
2216
848
15
15
15
15
2
259
2
2
2
2
2
2
2
2
15
15
15
15
15
5116
2216
848
2503
23
292
2216
848
1918
259
2
2
2
2
2
2
2
2
2
15
15
15
15
15
5116
2216
848
2503
23
292
2216
848
1918
2
259
2
2
2
2
2
2
2
2
2
15
15
15
15
15
5116
2216
848
2503
23
292
2216
848
1918
259
2
2
2
15
15
15
15
15
5116
2216
848
2503
23
292
2216
848
1918
1
45
45
45
45
45
45
45
5116
15
15
15
15
15
15
15
3962
3962
3962
3962
3962
3962
3962
3962
3962
45
45
45
45
45
45
45
45
45
45
45
45
45
5116
15
15
15
15
15
15
15
3962
3962
3962
3962
3962
3962
3962
3962
3962
45
45
45
45
45
45
45
45
45
45
45
45
45
5116
15
15
15
15
15
15
15
3962
3962
3962
3962
3962
3962
3962
3962
3962
45
45
45
45
45
45
116
1
8
29
5116
1912
45
1912
1912
1912
1912
1912
1912
2864
3962
3962
3962
3962
3962
2212
177
15
15
15
15
15
15
116
1
8
1
29
5116
2864
45
1912
1912
1912
1912
2864
1912
1912
3962
3962
3962
3962
3962
2212
177
15
15
15
15
15
15
116
1
8
1
29
5116
1912
45
2864
1912
2864
2864
1912
1912
1912
3962
3962
3962
3962
3962
2212
177
15
15
15
15
15
15
3917
1
1
15
15
15
1
3148
15
15
15
15
45
45
45
3962
3962
3962
3962
3962
3962
3962
3962
3962
3962
3962
2
2
2
3917
1
15
15
15
1
3148
15
15
15
15
45
45
45
3962
3962
3962
3962
3962
3962
3962
3962
3962
3962
3962
2
2
2
3917
1
1
15
15
15
1
3148
15
15
15
15
45
45
45
3962
3962
3962
3962
3962
3962
3962
3962
3962
3962
3962
2
2
2
2
3917
1
15
15
15
1
3148
15
15
15
15
45
45
45
3962
3962
3962
3962
3962
3962
3962
3962
3962
3962
3962
2
2
2
156
15
15
15
15
15
3962
15
3
3962
2
156
356
156
1532
2
27
3
29
1
3
1532
156
3
27
4196
1
156
15
15
15
15
15
3962
15
3
3962
2
156
356
1
156
1532
2
27
3
29
1
3
1532
156
3
27
4196
1
156
15
15
15
15
15
3962
15
3
3962
2
156
356
3
156
1532
2
27
3
29
1
3
1532
156
3
27
4196
1
1
2
26
2
1
3
29
2
3
2
1
1
1912
1912
2864
1912
2864
2864
1912
1912
1912
1912
902
902
1
2
26
29
3
2
1
1
2864
1912
2864
1912
2864
1912
2864
1912
2864
2864
3
902
902
1
1
2
26
2
29
2
3
2
1
1
1912
1912
1912
1912
1912
1912
1912
1912
1912
1912
3
2
902
902
1
284
2162
4751
2
1
739
1
1
1
1
1
902
1
1
1
1
1
2
3
6
1
1022
902
1
2
284
2162
4751
2
2
1
739
1
1
1
1
1
902
1
1
1
1
2
3
3
1022
902
284
2162
4751
2
1
1
1
1
1
1
1
902
1
1
1
1
3
3
3
1022
902
2
284
2162
4751
1
1
1
1
1
1
1
902
1
1
1
1
1
3
6
1
1022
902
1
2
52
3
1253
2451
29
3
52
10
10
3
845
3
52
3
52
235
815
815
815
815
815
52
3
52
3
25
52
1253
2451
29
3
52
10
10
3
20
3
52
52
815
815
815
815
815
815
52
52
3
25
52
3
1253
2451
29
52
10
10
3
3
52
3
3
52
815
815
815
815
815
815
52
1
52
3
25
2031
2031
2031
2031
2031
2031
2031
2031
2031
2031
2031
2031
2031
2031
698
1
25
25
25
25
25
25
25
25
25
25
25
3
2031
2031
2031
2031
2031
2031
2031
2031
2031
2031
2031
2031
2031
2031
698
1
25
25
25
25
25
25
25
25
25
25
25
3
2031
2031
2031
2031
2031
2031
2031
2031
2031
2031
2031
2031
2031
2031
698
1
25
25
25
25
25
25
25
25
25
25
25
3
995
3
109
902
995
995
1
2
1
2186
2
3
815
815
815
815
815
815
815
815
815
815
815
815
815
815
995
3
109
902
995
995
1
1
2186
2
3
815
815
815
815
815
815
815
815
815
815
815
815
815
815
995
3
109
902
995
995
2
2
2186
2
3
815
815
815
815
815
815
815
815
815
815
815
815
815
815
995
3
109
902
995
995
1
2
1
2186
2
3
815
815
815
815
815
815
815
815
815
815
815
815
815
815
1343
1009
196
196
26
20
196
3
215
1343
1009
15
15
25
25
15
3708
2031
2031
3708
2031
2031
3708
3708
3708
2031
3708
2031
3708
2031
25
1343
1009
196
196
26
20
196
3
215
1343
1009
15
15
15
15
15
2031
2031
2031
2031
2031
3708
2031
3708
2031
3708
2031
2031
3708
2031
15
1343
1009
196
196
26
20
196
3
215
1343
1009
25
25
25
25
25
2031
2031
2031
2031
2031
2031
2031
2031
2031
2031
2031
2031
2031
2031
25
25
25
25
25
3
3
15
1343
1009
15
4196
1
1020
26
2031
2031
25
25
15
15
25
25
1343
1009
25
25
25
25
25
25
26
3257
25
25
25
25
3
3
15
1343
1009
15
4196
1
1020
26
2031
2031
25
25
15
15
25
25
1343
1009
25
25
25
25
25
25
26
3257
815
815
815
815
815
815
815
815
815
815
815
815
815
815
815
25
25
25
25
25
25
15
15
25
25
25
1532
1
135
1343
1009
815
815
815
815
815
815
815
815
815
815
815
815
815
815
815
25
25
25
25
25
25
15
15
25
25
25
1532
135
1343
1009
6
135
26
196
196
196
15
196
196
15
432
15
15
6
1894
2031
2031
2031
2031
2031
2031
2031
2031
2031
2031
2031
2031
2031
2031
2031
815
1894
815
815
815
815
815
815
815
815
815
815
815
815
815
25
25
25
13
25
25
25
25
25
37
3
843
2031
6
2031
815
1894
815
815
815
815
815
815
815
815
815
815
815
815
815
25
25
25
13
25
25
25
25
25
37
3
843
2031
6
2031
815
1894
815
815
815
815
815
815
815
815
815
815
815
815
815
25
25
25
13
25
25
25
25
25
37
3
843
2031
6
2031
1797
15
15
26
1
26
1
21
680
26
196
196
25
25
25
2031
25
25
25
25
26
196
196
2031
2031
2031
2031
1797
15
15
26
1
26
1
21
680
26
1
196
196
25
25
25
2031
25
25
25
25
26
196
196
2031
2031
2031
3708
1797
15
15
26
1
26
21
680
26
1
196
196
25
25
25
3708
25
25
25
25
26
196
196
2031
2031
2031
2031
1797
15
15
26
1
26
1
21
2
26
196
196
25
25
25
2031
25
25
25
25
26
196
196
2031
2031
2031
2031
5116
6
356
903
2031
2031
2031
2031
2031
2031
2031
2031
2031
2031
5116
5116
5116
5116
5116
5116
5116
5116
5116
5116
5116
5116
5116
5116
5116
1791
24
196
5116
196
196
196
45
45
45
3
45
45
45
45
45
45
5300
59
25
45
2
45
45
45
45
59
5116
25
1791
24
196
5116
196
196
196
45
45
45
3
1
45
45
45
45
45
45
5300
1743
1743
45
2
45
45
45
45
1743
5116
1743
1791
24
196
5116
196
196
196
45
45
45
3
1
45
45
45
45
45
45
5300
1743
1743
1
45
45
45
45
45
1743
5116
1743
1791
24
196
5116
196
196
196
45
45
45
1
45
45
45
45
45
45
5300
1743
1743
1
45
2
45
45
45
45
1743
5116
1743
2869
3
2
831
1743
45
5116
45
45
45
45
45
45
45
2
1743
617
5116
1743
1743
5300
2
352
1743
531
371
1
5116
2869
3
839
1743
45
5116
45
45
45
45
45
45
45
2
1743
617
5116
1743
1743
5300
2
352
1743
531
371
1
5116
2869
3
2
839
1743
45
5116
45
45
45
45
45
45
45
2
1743
617
5116
1743
1743
5300
2
352
1743
531
371
5116
5116
13
13
13
13
196
1743
13
13
45
45
45
45
2
45
3631
15
15
15
13
13
1361
13
196
5116
196
1743
196
2
5116
13
13
13
13
196
1743
13
13
45
45
45
45
2
45
3631
15
15
15
13
13
1361
13
196
5116
196
1743
196
5116
13
13
13
13
196
1743
13
13
45
45
45
45
2
45
1111
15
15
15
13
13
1361
13
196
5116
196
1743
196
2
15
15
15
3962
15
15
3962
3962
15
15
15
3962
3962
3962
3962
15
15
15
5116
15
15
15
15
15
13
13
13
45
15
15
15
3962
15
15
3962
3962
15
15
15
3962
3962
3962
3962
15
15
15
5116
15
15
15
15
15
13
13
13
45
15
15
15
3962
15
15
3962
3962
15
15
15
3962
3962
3962
3962
15
15
15
5116
15
15
15
15
15
13
13
13
45
2
15
15
15
3962
15
15
3962
3962
15
15
15
3962
3962
3962
3962
15
15
15
5116
15
15
15
15
15
13
13
13
45
2
1743
1743
5116
15
15
292
15
15
15
1
15
15
15
15
1743
1743
13
13
13
902
13
1743
1743
45
45
45
45
45
1743
1743
1743
5116
15
15
292
15
15
15
1
15
15
15
15
1743
1743
13
13
13
902
13
1743
1743
45
45
45
45
45
1743
1743
1743
5116
15
15
292
15
15
15
15
15
15
15
1743
1743
13
13
13
902
13
1743
1743
45
45
45
45
45
1743
13
13
13
1743
315
1743
1040
1743
1743
346
1361
15
15
3
3962
3962
3962
3962
3962
1
3962
1
3962
1
1
1
1
3962
3962
13
13
13
1743
315
1743
1040
1743
1743
346
1361
15
15
3962
3962
3962
3962
3962
1
3962
1
3962
1
1
1
1
3962
3962
13
13
13
1743
315
1743
1040
1743
1743
346
1361
15
15
3
3962
3962
3962
3962
3962
1
3962
1
3962
1
1
1
1
3962
3962
