0.0571428571429
0.0597014925373
0.0392156862745
0.0192307692308
0.0327868852459
0.0576923076923
0.0576923076923
0.0441176470588
0.0777777777778
0.122448979592
0.0430107526882
0.037037037037
0.0348837209302
0.0588235294118
0.0416666666667
0.0594059405941
0.1
0.037037037037
0.025641025641
0.0555555555556
0.0111111111111
0.0561797752809
0.149425287356
0.125
0.0879120879121
0.0851063829787
0.0379746835443
0.031746031746
0.0519480519481
0.054347826087
0.0898876404494
0.0322580645161
0.031914893617
0.0384615384615
0.03
0.0659340659341
0.0957446808511
0.07
0.0652173913043
0.0898876404494
0.075
0.19298245614
0.05
1.0
0.0322580645161
0.0701754385965
0.0357142857143
0.0727272727273
0.0526315789474
0.051724137931
0.107142857143
0.0689655172414
0.031746031746
0.0166666666667
0.051724137931
0.0847457627119
0.0535714285714
0.0508474576271
0.0161290322581
1.0
1.0
1.0
0.0294117647059
0.0714285714286
0.0606060606061
0.0625
0.051724137931
0.103448275862
0.044776119403
0.0491803278689
0.0508474576271
0.0677966101695
0.0344827586207
0.0350877192982
0.0344827586207
0.031746031746
1.0
1.0
0.118644067797
0.0508474576271
0.0491803278689
0.016393442623
0.0344827586207
0.015625
0.0597014925373
0.0958904109589
0.031746031746
1.0
0.0645161290323
0.0746268656716
0.046875
0.0689655172414
0.0461538461538
0.0634920634921
0.05
0.05
0.05
0.0819672131148
0.0746268656716
0.08
