0.0853658536585
0.0689655172414
0.148648648649
0.0891089108911
1.0
0.0733944954128
0.109090909091
0.0847457627119
0.0487804878049
0.0827067669173
0.91935483871
0.0869565217391
1.0
1.0
1.0
0.742857142857
0.48275862069
1.0
1.0
1.0
1.0
1.0
1.0
0.789473684211
1.0
1.0
1.0
1.0
1.0
1.0
1.0
1.0
1.0
1.0
1.0
1.0
1.0
1.0
1.0
1.0
1.0
1.0
1.0
1.0
1.0
1.0
1.0
1.0
1.0
1.0
1.0
1.0
1.0
1.0
1.0
1.0
1.0
1.0
1.0
1.0
1.0
1.0
1.0
1.0
1.0
1.0
1.0
1.0
1.0
1.0
1.0
1.0
1.0
1.0
1.0
1.0
1.0
1.0
1.0
1.0
1.0
1.0
1.0
1.0
1.0
1.0
1.0
1.0
1.0
1.0
1.0
1.0
1.0
1.0
1.0
1.0
1.0
0.0208333333333
0.0545454545455
0.0566037735849
0.0342465753425
1.0
1.0
1.0
1.0
1.0
1.0
1.0
1.0
1.0
1.0
0.0204081632653
1.0
1.0
1.0
1.0
1.0
1.0
1.0
1.0
1.0
1.0
1.0
1.0
1.0
1.0
1.0
1.0
1.0
1.0
1.0
1.0
1.0
1.0
1.0
1.0
1.0
1.0
1.0
1.0
1.0
1.0
1.0
1.0
1.0
1.0
1.0
1.0
1.0
1.0
1.0
1.0
1.0
1.0
1.0
1.0
1.0
1.0
0.0
1.0
1.0
1.0
1.0
1.0
1.0
1.0
1.0
1.0
1.0
1.0
1.0
1.0
0.0508474576271
1.0
1.0
1.0
1.0
1.0
1.0
1.0
1.0
1.0
1.0
1.0
1.0
1.0
1.0
1.0
1.0
1.0
1.0
1.0
1.0
1.0
1.0
1.0
1.0
1.0
1.0
1.0
1.0
0.0740740740741
0.0740740740741
1.0
0.22641509434
1.0
1.0
1.0
1.0
1.0
1.0
1.0
1.0
1.0
1.0
1.0
1.0
1.0
1.0
1.0
1.0
1.0
1.0
1.0
1.0
0.06
1.0
1.0
1.0
1.0
0.0958904109589
1.0
1.0
0.0655737704918
1.0
1.0
0.0655737704918
1.0
1.0
0.0655737704918
0.0909090909091
0.0909090909091
0.0909090909091
1.0
1.0
1.0
1.0
1.0
1.0
0.0724637681159
1.0
0.0526315789474
0.0909090909091
1.0
1.0
1.0
1.0
1.0
0.0428571428571
0.0428571428571
1.0
1.0
1.0
1.0
0.0892857142857
0.0285714285714
1.0
1.0
0.0606060606061
1.0
1.0
0.0606060606061
1.0
0.0606060606061
1.0
0.0606060606061
0.0606060606061
0.0869565217391
0.0394736842105
0.0394736842105
0.0869565217391
0.0588235294118
1.0
0.0588235294118
0.0588235294118
1.0
1.0
1.0
1.0
