1.0
1.0
1.0
1.0
1.0
1.0
1.0
1.0
1.0
1.0
1.0
1.0
1.0
1.0
1.0
1.0
1.0
1.0
1.0
1.0
1.0
1.0
1.0
1.0
1.0
1.0
1.0
1.0
1.0
1.0
1.0
1.0
1.0
1.0
1.0
1.0
1.0
1.0
1.0
1.0
1.0
1.0
1.0
1.0
1.0
1.0
1.0
1.0
1.0
0.0606060606061
0.0307692307692
0.0704225352113
1.0
0.0625
0.0508474576271
0.0666666666667
1.0
0.0833333333333
0.047619047619
0.0793650793651
0.030303030303
0.047619047619
0.08
1.0
1.0
1.0
1.0
0.0943396226415
1.0
0.0196078431373
0.0588235294118
1.0
1.0
0.0816326530612
1.0
0.0181818181818
0.0
0.0363636363636
0.0350877192982
1.0
1.0
1.0
0.037037037037
1.0
0.037037037037
0.0188679245283
0.0192307692308
0.0714285714286
0.0357142857143
0.0566037735849
1.0
0.0
1.0
1.0
1.0
1.0
1.0
0.0172413793103
1.0
0.0350877192982
0.0166666666667
0.0169491525424
0.037037037037
1.0
1.0
0.0588235294118
1.0
1.0
0.0535714285714
0.0
0.0185185185185
0.037037037037
1.0
0.0754716981132
1.0
0.0377358490566
1.0
1.0
0.037037037037
1.0
0.0185185185185
0.037037037037
1.0
1.0
0.0363636363636
0.0185185185185
0.0576923076923
0.0576923076923
0.0350877192982
0.0769230769231
0.0175438596491
1.0
1.0
0.0377358490566
0.0408163265306
0.0
0.0
0.0363636363636
0.0350877192982
0.0714285714286
0.0392156862745
0.0588235294118
0.0
0.0175438596491
1.0
1.0
1.0
1.0
1.0
1.0
0.0178571428571
0.0377358490566
0.0175438596491
0.0333333333333
1.0
1.0
0.0161290322581
0.0333333333333
1.0
1.0
0.0350877192982
1.0
1.0
0.0754716981132
0.0357142857143
1.0
1.0
0.0357142857143
0.0178571428571
0.0555555555556
0.0350877192982
0.0357142857143
0.0526315789474
0.0526315789474
1.0
0.0535714285714
0.0344827586207
1.0
0.0961538461538
1.0
0.0161290322581
0.0344827586207
0.0754716981132
1.0
0.037037037037
1.0
1.0
0.0943396226415
0.0714285714286
1.0
1.0
0.0566037735849
0.037037037037
0.0377358490566
0.0181818181818
0.0185185185185
1.0
0.0377358490566
0.08
0.078431372549
0.0357142857143
1.0
0.0350877192982
1.0
0.0178571428571
1.0
1.0
1.0
1.0
0.0350877192982
0.0535714285714
1.0
0.0350877192982
1.0
0.11320754717
1.0
1.0
1.0
0.0566037735849
1.0
0.0175438596491
0.0333333333333
0.0566037735849
0.0169491525424
1.0
0.0566037735849
0.037037037037
0.0175438596491
0.0727272727273
0.0333333333333
0.0357142857143
0.0754716981132
1.0
0.117647058824
1.0
0.0377358490566
0.0377358490566
0.0526315789474
0.0847457627119
0.0535714285714
1.0
0.0545454545455
0.0322580645161
1.0
0.0555555555556
0.0545454545455
0.0172413793103
1.0
1.0
0.0555555555556
1.0
0.0185185185185
0.0392156862745
0.037037037037
1.0
0.0701754385965
1.0
1.0
0.0175438596491
0.0384615384615
1.0
0.0
1.0
1.0
0.0961538461538
0.0357142857143
1.0
1.0
0.0175438596491
1.0
0.0701754385965
1.0
1.0
0.05
1.0
0.0338983050847
0.0740740740741
1.0
0.037037037037
1.0
1.0
1.0
1.0
0.0
1.0
1.0
0.0727272727273
0.0943396226415
0.1
1.0
1.0
0.0526315789474
0.0545454545455
1.0
0.0166666666667
0.0327868852459
0.0769230769231
0.0545454545455
1.0
1.0
0.0925925925926
0.0819672131148
1.0
0.0535714285714
1.0
1.0
1.0
0.0363636363636
0.0740740740741
1.0
0.0769230769231
0.0344827586207
0.0
0.05
1.0
0.0566037735849
0.0545454545455
1.0
1.0
0.0185185185185
0.0754716981132
1.0
1.0
0.0357142857143
1.0
1.0
1.0
0.115384615385
0.0526315789474
0.0333333333333
0.0727272727273
0.0
1.0
1.0
0.0
0.0357142857143
1.0
0.0327868852459
1.0
1.0
0.0508474576271
1.0
1.0
0.0
0.0350877192982
0.0169491525424
0.037037037037
1.0
0.0363636363636
0.0909090909091
0.0545454545455
0.0181818181818
0.0181818181818
0.0566037735849
0.0655737704918
0.0307692307692
0.0357142857143
0.0740740740741
0.0169491525424
0.0350877192982
0.0677966101695
0.0689655172414
0.0727272727273
0.111111111111
0.0535714285714
1.0
1.0
1.0
0.0754716981132
0.0350877192982
0.0338983050847
0.0555555555556
0.0508474576271
0.0526315789474
0.0483870967742
0.0847457627119
0.0350877192982
0.037037037037
0.0175438596491
1.0
0.0357142857143
0.0740740740741
1.0
0.0357142857143
0.0714285714286
0.0566037735849
0.037037037037
0.0535714285714
0.0175438596491
0.0357142857143
0.0333333333333
0.150943396226
0.0338983050847
0.0925925925926
0.0555555555556
0.0327868852459
0.0322580645161
0.0483870967742
1.0
0.0
0.0172413793103
0.0714285714286
0.0350877192982
0.0612244897959
0.0185185185185
1.0
0.0526315789474
0.0535714285714
0.0333333333333
1.0
1.0
0.0
1.0
0.0350877192982
0.0363636363636
1.0
0.0701754385965
1.0
0.0566037735849
0.0943396226415
0.0892857142857
0.0350877192982
1.0
0.0526315789474
1.0
1.0
0.0508474576271
0.0
0.0508474576271
0.0
0.0535714285714
1.0
0.0980392156863
0.0384615384615
0.0727272727273
0.0535714285714
0.0181818181818
0.037037037037
0.0350877192982
0.0392156862745
0.08
0.0178571428571
0.0363636363636
0.0645161290323
0.015873015873
0.0
0.0545454545455
1.0
0.037037037037
0.0612244897959
0.0350877192982
1.0
0.0377358490566
0.0384615384615
0.0545454545455
0.0350877192982
1.0
0.0555555555556
0.0172413793103
0.0740740740741
0.0740740740741
0.0943396226415
1.0
0.0344827586207
0.0333333333333
0.0
1.0
0.0545454545455
0.109090909091
1.0
1.0
0.0
0.0344827586207
0.0333333333333
0.031746031746
0.03125
1.0
0.0344827586207
0.0909090909091
0.0740740740741
0.0740740740741
1.0
0.0357142857143
1.0
1.0
1.0
0.0526315789474
1.0
1.0
0.0172413793103
0.0188679245283
0.0408163265306
1.0
0.0363636363636
0.0545454545455
0.0350877192982
0.051724137931
0.0357142857143
1.0
0.0357142857143
1.0
1.0
0.0701754385965
1.0
0.118644067797
1.0
0.0344827586207
0.0178571428571
0.0188679245283
1.0
0.0172413793103
1.0
0.0166666666667
0.0526315789474
1.0
0.051724137931
1.0
1.0
1.0
0.0576923076923
0.0961538461538
0.051724137931
0.016393442623
0.0181818181818
0.0357142857143
0.0185185185185
1.0
1.0
0.0701754385965
0.109090909091
1.0
0.132075471698
1.0
1.0
1.0
0.105263157895
0.103448275862
0.0983606557377
0.0892857142857
1.0
0.0666666666667
0.132075471698
1.0
0.103448275862
1.0
0.047619047619
1.0
1.0
0.125
0.101694915254
1.0
0.0666666666667
0.0666666666667
1.0
1.0
0.101694915254
1.0
1.0
1.0
0.0833333333333
1.0
1.0
0.105263157895
1.0
1.0
1.0
0.0602409638554
1.0
0.0634920634921
1.0
1.0
1.0
1.0
1.0
1.0
1.0
1.0
1.0
1.0
1.0
1.0
1.0
1.0
1.0
0.05
1.0
1.0
0.047619047619
1.0
1.0
1.0
1.0
1.0
1.0
1.0
1.0
0.142857142857
0.0847457627119
0.140625
1.0
1.0
1.0
1.0
1.0
0.107142857143
1.0
1.0
1.0
1.0
1.0
0.120689655172
1.0
1.0
0.0819672131148
0.0526315789474
1.0
1.0
1.0
0.0689655172414
1.0
1.0
1.0
1.0
1.0
1.0
1.0
1.0
0.127272727273
1.0
0.134615384615
0.0877192982456
1.0
1.0
0.0689655172414
1.0
0.160714285714
1.0
1.0
1.0
1.0
1.0
0.122807017544
1.0
0.0714285714286
1.0
1.0
0.0793650793651
0.127272727273
1.0
1.0
1.0
1.0
1.0
0.0862068965517
0.0862068965517
1.0
1.0
0.0862068965517
1.0
1.0
1.0
1.0
1.0
0.163636363636
1.0
1.0
1.0
1.0
1.0
1.0
1.0
1.0
1.0
0.107142857143
0.112903225806
0.178571428571
1.0
1.0
1.0
0.0819672131148
1.0
1.0
1.0
1.0
1.0
0.0819672131148
1.0
0.107142857143
0.114754098361
1.0
0.157894736842
1.0
0.0645161290323
1.0
0.125
1.0
1.0
1.0
0.122807017544
0.0819672131148
0.0714285714286
0.0847457627119
0.0645161290323
0.101694915254
1.0
1.0
1.0
1.0
0.1
0.103448275862
1.0
1.0
1.0
1.0
1.0
0.0588235294118
0.0
