0.0147058823529
0.0615384615385
0.0615384615385
0.0338983050847
0.0217391304348
0.0212765957447
0.0877192982456
0.0
0.027027027027
0.0519480519481
0.0615384615385
0.031746031746
0.0879120879121
0.0459770114943
0.0229885057471
0.0875
0.101449275362
0.075
0.108108108108
0.0338983050847
0.0
0.0975609756098
0.101449275362
0.0714285714286
0.0943396226415
0.0441176470588
0.0754716981132
0.0625
0.0555555555556
0.0657894736842
1.0
0.0571428571429
1.0
0.1
0.1
0.0808080808081
0.0825688073394
0.0606060606061
0.0428571428571
0.101123595506
0.0898876404494
0.0394736842105
0.09375
0.102941176471
0.103448275862
1.0
0.0972222222222
0.0602409638554
0.0869565217391
0.108108108108
0.0724637681159
0.0597014925373
0.0694444444444
0.0704225352113
0.0615384615385
0.0847457627119
0.0677966101695
0.04
0.106666666667
0.0461538461538
0.0714285714286
0.0757575757576
0.12
0.0636363636364
0.0606060606061
0.0697674418605
0.0759493670886
0.09375
0.107692307692
0.04
0.0491803278689
0.0980392156863
0.0967741935484
0.041095890411
1.0
0.0769230769231
0.0561797752809
1.0
0.0909090909091
1.0
0.0684931506849
1.0
0.184615384615
0.056338028169
0.0714285714286
1.0
0.0657894736842
0.0555555555556
0.03125
0.0789473684211
0.0481927710843
0.0759493670886
0.102941176471
0.134328358209
0.12987012987
0.0744680851064
0.0681818181818
0.0641025641026
1.0
0.0519480519481
1.0
0.0483870967742
0.0428571428571
1.0
1.0
0.0138888888889
1.0
1.0
1.0
0.571428571429
0.684210526316
0.0701754385965
0.0757575757576
0.0444444444444
1.0
1.0
