1.0
1.0
1.0
1.0
1.0
1.0
1.0
1.0
1.0
1.0
1.0
1.0
1.0
1.0
1.0
1.0
1.0
1.0
1.0
1.0
1.0
1.0
1.0
1.0
1.0
1.0
1.0
1.0
1.0
1.0
1.0
1.0
1.0
1.0
1.0
1.0
1.0
1.0
1.0
1.0
1.0
1.0
1.0
1.0
1.0
1.0
0.942857142857
1.0
1.0
1.0
1.0
1.0
1.0
0.885714285714
1.0
1.0
1.0
1.0
1.0
1.0
1.0
1.0
1.0
1.0
1.0
1.0
1.0
1.0
1.0
0.0657894736842
0.118421052632
0.0845070422535
1.0
1.0
0.0842105263158
1.0
1.0
0.130434782609
0.08
1.0
1.0
0.0666666666667
0.0625
0.0625
0.0744680851064
1.0
0.0884955752212
0.0884955752212
0.133333333333
0.133333333333
1.0
1.0
1.0
0.133333333333
0.133333333333
