0.354816112084
1.0
1.0
0.209984559959
0.698210735586
1.0
1.0
0.506244343891
1.0
0.694535073409
0.834410339257
0.624082232012
1.0
0.889650064803
0.830396475771
1.0
1.0
0.551724137931
1.0
0.337660059639
1.0
1.0
0.803953871499
0.775786651616
1.0
0.66644216198
0.946808510638
0.826652221018
0.0
0.585476239457
1.0
0.566535654127
1.0
0.908805031447
0.647132169576
0.605090077209
1.0
1.0
0.976086956522
0.641358641359
0.761018609207
0.893290734824
0.318101933216
1.0
0.577851239669
0.899731903485
0.413716814159
1.0
0.97311827957
1.0
0.859237536657
1.0
0.493250581846
