0.354804831087
1.0
1.0
0.209768637532
0.697993244586
1.0
1.0
0.50623982637
1.0
0.694563225412
0.834543987086
0.624633431085
1.0
0.889536497363
0.83026874116
1.0
1.0
0.552073732719
1.0
0.337539432177
1.0
1.0
0.80343980344
0.775756293632
1.0
0.665909664396
0.946859903382
0.82683982684
0.0
0.585568917669
1.0
0.566021867115
1.0
0.90890052356
0.646546359676
0.604970008569
1.0
1.0
0.976112920738
0.640897755611
0.761252446184
0.893358876117
0.319371727749
1.0
0.578008915305
0.899558055444
0.413853658537
1.0
0.973147153598
1.0
0.85944363104
1.0
0.493023255814
