0
0
1
0
9
0
0
0
0
0
0
0
0
0
1
0
0
0
1
0
0
0
0
0
0
0
0
0
0
0
0
0
22
2
0
0
0
0
0
0
0
0
0
0
0
0
0
0
0
0
0
217
0
0
0
0
0
0
0
0
0
0
0
0
0
0
0
0
0
0
0
0
0
0
0
0
0
0
0
0
4
0
0
1
3
0
0
0
0
0
0
0
0
0
1
0
0
1
0
0
0
0
43104
0
0
0
0
0
0
0
0
0
1
0
0
0
0
0
0
0
0
0
0
0
0
0
0
0
0
0
0
0
0
0
0
0
0
0
0
0
0
0
0
0
0
127
0
0
0
0
0
0
0
1
0
1
0
2
0
0
9
0
0
0
0
0
0
0
0
0
1
0
0
0
0
1
0
0
0
0
2
0
0
0
0
0
0
0
0
0
11
0
0
0
0
0
0
0
0
0
0
0
0
0
0
0
0
0
0
0
0
0
0
0
0
0
0
0
0
0
140
0
0
0
4
0
0
0
0
0
0
0
0
0
0
0
0
0
0
0
0
142
19
0
0
0
0
0
0
0
0
0
0
8
0
0
0
0
0
0
0
0
0
0
0
0
0
0
3
0
0
0
0
0
0
0
0
0
0
0
0
0
0
0
0
0
0
0
0
0
0
0
0
0
1
0
0
73
0
0
0
7
0
0
0
0
0
0
0
0
0
0
0
0
0
0
0
0
0
0
0
0
0
0
0
1
0
0
2
0
0
0
0
0
0
0
0
0
0
0
0
0
0
0
0
0
0
0
0
1
0
0
0
0
0
0
0
0
2
0
0
0
0
0
0
1
0
0
0
0
0
0
0
0
0
0
0
0
0
0
0
1
0
0
122
2
0
0
0
0
0
0
0
0
0
0
0
0
0
0
57
0
0
0
1
1
0
0
0
0
0
0
0
2
0
0
0
0
0
12
0
0
0
0
0
0
7
0
0
0
0
0
0
0
0
0
0
315
2
0
0
0
0
0
0
0
0
49
0
0
0
0
0
0
0
0
0
0
0
0
0
0
0
0
0
0
0
0
0
0
3
0
0
0
0
0
0
0
0
0
5
1
0
0
0
0
0
0
0
0
0
0
0
0
0
0
0
0
0
0
0
0
0
0
0
0
0
0
0
0
0
0
0
0
0
0
117
0
0
0
0
0
0
0
0
0
0
13
0
0
0
0
0
0
0
0
0
0
2
0
0
1
0
0
0
0
0
0
0
0
0
0
6
0
0
0
0
0
0
0
0
0
0
0
0
0
0
0
0
0
0
0
0
0
0
0
0
0
0
0
0
0
0
0
0
1
1
0
0
0
0
61
0
0
0
0
0
0
0
0
0
0
0
0
0
0
2
0
0
0
0
0
0
0
0
0
0
0
0
0
0
0
0
2
0
5
0
0
0
0
0
0
0
0
4
2638
0
0
0
0
0
0
0
0
0
0
0
0
0
0
0
0
0
0
0
7
0
0
0
0
0
25
0
0
0
490
0
0
0
0
0
0
0
0
0
0
5
0
0
0
0
0
0
0
0
0
0
0
0
0
0
0
0
0
0
0
16
0
0
2
0
0
1
0
0
0
0
0
0
0
0
0
0
0
0
0
0
0
0
0
0
0
0
0
1
0
0
0
0
0
0
0
1
0
0
1
0
0
0
0
0
0
0
0
32
0
0
0
0
0
0
0
0
0
29
0
0
0
0
20
0
0
0
0
0
0
5
99
128
0
10
0
14
0
0
72
0
0
0
0
2
0
418
3
375
0
0
0
0
0
3
0
0
122
51
0
0
1
12
1
12
27
165
1073
12
0
0
1
9
0
0
7265
7
0
0
0
4180
2
0
15
73
0
0
0
0
0
0
417
0
0
0
6
54798
2
0
0
60
138
17
0
0
0
0
0
4676
0
0
0
0
0
19
353
1
1
0
0
0
0
3
117
0
0
0
0
4850
0
4
0
0
3087
0
377
0
0
0
9
9
0
0
2
0
6
28
0
15
0
0
0
2
0
0
0
20
0
2
0
93
1
12
58
2
0
0
0
0
1
7
9
375
11
