0.354793561931
1.0
1.0
0.209553158706
0.697776012708
1.0
1.0
0.505691056911
1.0
0.693902439024
0.834677419355
0.625183016105
1.0
0.889073765946
0.829566854991
1.0
1.0
0.551470588235
1.0
0.33718487395
1.0
1.0
0.8
0.775475687104
1.0
0.665658093797
0.946911196911
0.827027027027
0.0
0.585335797905
1.0
0.566386554622
1.0
0.9089958159
0.645962732919
0.605308219178
1.0
1.0
0.976138828633
0.640438247012
0.761485826002
0.89342693044
0.316062176166
1.0
0.577645895153
0.898876404494
0.413806552262
1.0
0.973175965665
1.0
0.859649122807
1.0
0.492565055762
